Chrom	Position	Ref	Cons	Reads1	Reads2	VarFreq	Strands1	Strands2	Qual1	Qual2	Pvalue	MapQual1	MapQual2	Reads1Plus	Reads1Minus	Reads2Plus	Reads2Minus	VarAllele
MN908947.3	92	C	Y	69	5	6.67%	2	1	20	15	0.029146141215107422	1	1	24	45	0	5	T
MN908947.3	180	C	Y	58	7	9.86%	2	1	16	7	0.00659036806445684	1	1	20	38	0	7	T
MN908947.3	181	T	Y	54	10	14.93%	2	1	18	7	6.677354322491925E-4	1	1	20	34	0	10	C
MN908947.3	227	G	R	58	5	7.94%	2	1	23	7	0.028780487804874924	1	1	9	49	5	0	A
MN908947.3	241	C	T	1	64	98.46%	1	2	5	23	6.942426449086628E-37	1	1	0	1	17	47	T
MN908947.3	313	C	Y	51	3	5.36%	2	1	24	8	0.12149532710280923	1	1	13	38	0	3	T
MN908947.3	670	T	K	1185	1195	49.71%	2	2	22	18	0.0	1	1	589	596	595	600	G
MN908947.3	841	C	Y	861	140	13.83%	2	2	18	10	2.9320080984802828E-43	1	1	494	367	2	138	T
MN908947.3	842	C	Y	883	139	13.52%	2	2	19	11	7.035788660620951E-43	1	1	500	383	2	137	T
MN908947.3	1214	C	Y	903	95	8.97%	2	2	17	10	2.4095911223152045E-30	1	1	506	397	6	89	T
MN908947.3	1215	T	Y	943	71	6.91%	2	1	17	11	4.495497306795512E-21	1	1	510	433	0	71	C
MN908947.3	1264	G	R	1670	114	6.23%	2	2	19	9	4.4665607598526125E-34	1	1	793	877	110	4	A
MN908947.3	1420	C	Y	717	43	5.52%	2	2	23	10	6.169456814822299E-14	1	1	356	361	4	39	T
MN908947.3	2143	C	Y	1154	65	5.29%	2	2	20	10	3.880141215305779E-19	1	1	600	554	2	63	T
MN908947.3	2198	G	R	2214	156	6.49%	2	2	18	10	2.6267480338562408E-45	1	1	1037	1177	155	1	A
MN908947.3	2246	G	R	2253	138	5.68%	2	2	19	10	9.797084721160365E-40	1	1	1108	1145	129	9	A
MN908947.3	2470	C	Y	630	514	44.85%	2	2	22	23	1.1459872147388005E-185	1	1	314	316	248	266	T
MN908947.3	2790	C	Y	415	409	47.61%	2	2	26	32	1.232803168027246E-153	1	1	193	222	191	218	T
MN908947.3	2832	A	R	1863	387	17.09%	2	2	17	16	9.111681417290568E-121	1	1	955	908	183	204	G
MN908947.3	2836	C	Y	1988	134	6.18%	2	2	17	7	1.302881556297918E-38	1	1	1175	813	2	132	T
MN908947.3	2838	C	Y	1978	186	8.35%	2	1	18	7	7.749653917114224E-55	1	1	1182	796	0	186	T
MN908947.3	3037	C	T	8	1338	99.18%	2	2	5	23	0.0	1	1	2	6	719	619	T
MN908947.3	3365	C	Y	874	51	5.36%	2	2	23	10	2.186347112342895E-16	1	1	467	407	2	49	T
MN908947.3	3701	G	R	1203	107	7.95%	2	2	19	7	3.662810932803033E-32	1	1	552	651	105	2	A
MN908947.3	3903	C	Y	875	91	9.32%	2	2	20	7	4.366439033383129E-29	1	1	476	399	2	89	T
MN908947.3	4184	G	R	706	801	52.66%	2	2	22	21	2.0034669770661805E-303	1	1	396	310	404	397	A
MN908947.3	4255	G	R	1264	138	9.56%	2	2	16	6	6.085162765050623E-42	1	1	612	652	126	12	A
MN908947.3	4321	C	Y	1219	777	36.22%	2	2	21	22	4.576300225309258E-273	1	1	706	513	386	391	T
MN908947.3	4656	G	R	1825	138	6.89%	2	2	18	10	1.7155315205949E-41	1	1	873	952	131	7	A
MN908947.3	5305	G	R	1984	138	6.48%	2	2	22	8	7.558864736408868E-40	1	1	915	1069	130	8	A
MN908947.3	5386	T	W	746	73	5.57%	2	2	19	10	1.9746984163796565E-23	1	1	389	357	72	1	A
MN908947.3	5386	T	K	746	481	36.69%	2	2	19	17	1.0487253680843924E-168	1	1	389	357	213	268	G
MN908947.3	5584	A	R	2472	177	6.61%	2	2	21	17	1.073456157977157E-51	1	1	1225	1247	111	66	G
MN908947.3	5736	C	Y	970	323	24.73%	2	2	20	14	1.0568160059773337E-105	1	1	667	303	2	321	T
MN908947.3	6078	C	Y	516	93	15%	2	2	21	13	2.247004487203347E-30	1	1	323	193	1	92	T
MN908947.3	6250	C	Y	1424	1015	41.33%	2	2	25	27	0.0	1	1	774	650	508	507	T
MN908947.3	6255	C	Y	2284	186	7.46%	2	2	21	10	1.3089032218375816E-54	1	1	1291	993	2	184	T
MN908947.3	6385	C	Y	1789	97	5.09%	2	2	20	8	9.027581156882598E-29	1	1	951	838	4	93	T
MN908947.3	6386	T	Y	1768	112	5.88%	2	2	20	8	2.0577500291406174E-33	1	1	952	816	2	110	C
MN908947.3	6387	G	R	1780	100	5.25%	2	2	20	10	1.0683000409515794E-29	1	1	948	832	2	98	A
MN908947.3	6388	C	Y	1748	109	5.72%	2	2	21	10	1.7204222006578274E-32	1	1	935	813	1	108	T
MN908947.3	6539	C	Y	2724	182	6.21%	2	2	22	9	3.963354467151163E-53	1	1	1459	1265	18	164	T
MN908947.3	6730	C	Y	1914	102	5.04%	2	2	22	13	7.632485857883997E-29	1	1	1000	914	23	79	T
MN908947.3	6847	G	R	1861	155	7.61%	2	2	18	10	3.3748497693635665E-45	1	1	846	1015	153	2	A
MN908947.3	6884	G	R	786	63	7.2%	2	1	18	11	3.283823901695707E-20	1	1	365	421	63	0	A
MN908947.3	7392	C	Y	2128	443	16.79%	2	2	16	11	1.135647456118633E-138	1	1	1269	859	39	404	T
MN908947.3	7472	G	R	724	166	18.26%	2	1	19	12	2.1809121518056097E-54	1	1	263	461	166	0	A
MN908947.3	7517	G	R	832	55	6.06%	2	1	21	7	1.1700938194880843E-17	1	1	369	463	55	0	A
MN908947.3	7594	C	Y	610	60	6.75%	2	1	18	13	2.1760597490069385E-19	1	1	367	243	0	60	-T
MN908947.3	7600	C	Y	806	70	7.68%	2	1	19	9	2.0153583825495966E-22	1	1	441	365	0	70	T
MN908947.3	8022	T	K	1172	854	41.8%	2	2	24	15	1.0665798411740819E-302	1	1	597	575	392	462	G
MN908947.3	8393	G	R	824	632	43.02%	2	2	23	23	7.631517921478917E-227	1	1	429	395	320	312	A
MN908947.3	8697	C	Y	1225	66	5.08%	2	2	21	10	2.0146282262190302E-19	1	1	678	547	2	64	T
MN908947.3	8889	G	R	2002	149	6.82%	2	2	21	10	3.028891798996456E-43	1	1	826	1176	146	3	A
MN908947.3	9344	C	Y	199	213	50.24%	2	2	20	24	3.2066250273469875E-81	1	1	101	98	99	114	T
MN908947.3	9424	A	R	216	216	48.87%	2	2	21	22	1.341758929308863E-81	1	1	99	117	101	115	G
MN908947.3	9534	C	Y	780	822	50.55%	2	2	21	23	3.2158191086364767E-308	1	1	382	398	412	410	T
MN908947.3	9539	C	Y	1331	176	11.2%	2	1	18	9	4.3274450190008746E-54	1	1	795	536	0	176	T
MN908947.3	9866	C	Y	452	461	49.57%	2	2	19	21	6.7975591972160305E-174	1	1	252	200	258	203	T
MN908947.3	9951	C	Y	963	52	5.04%	2	1	20	10	3.144578614168322E-15	1	1	541	422	0	52	T
MN908947.3	9968	G	R	954	56	5.51%	2	2	19	9	1.8880685162809201E-16	1	1	470	484	54	2	A
MN908947.3	10029	C	T	10	1006	98.63%	2	2	12	25	0.0	1	1	6	4	524	482	T
MN908947.3	10139	G	R	1805	143	7.27%	2	2	20	11	4.50863777662198E-43	1	1	822	983	142	1	A
MN908947.3	10198	C	Y	597	324	34.99%	2	2	19	19	2.430069577404081E-113	1	1	262	335	159	165	T
MN908947.3	10261	G	R	822	61	6.85%	2	2	20	9	1.4827738978408417E-19	1	1	335	487	59	2	A
MN908947.3	10447	G	R	1013	824	44.06%	2	2	18	22	1.8743756771224475E-298	1	1	459	554	423	401	A
MN908947.3	10449	C	M	558	1274	68.46%	2	2	16	21	0.0	1	1	244	314	650	624	A
MN908947.3	10834	C	Y	1336	151	10.08%	2	2	19	12	5.1015474711609526E-46	1	1	682	654	1	150	T
MN908947.3	11288	T	W	3	4	36.36%	1	1	3	7	0.03496503496503526	1	1	0	3	4	0	A
MN908947.3	11288	T	Y	3	1	9.09%	1	1	3	10	0.49999999999999994	1	1	0	3	0	1	A
MN908947.3	11288	T	K	3	3	27.27%	1	2	3	5	0.09090909090909106	1	1	0	3	1	2	G
MN908947.3	11289	C	M	15	1	5.26%	2	1	7	9	0.49999999999999906	1	1	8	7	1	0	-T
MN908947.3	11290	T	W	23	3	10.34%	2	2	8	6	0.11764705882352931	1	1	11	12	2	1	A
MN908947.3	11291	G	R	12	14	46.67%	2	2	9	9	5.459515965061138E-6	1	1	6	6	5	9	A
MN908947.3	11537	A	R	997	800	44.15%	2	2	22	20	3.2982760333836517E-289	1	1	498	499	419	381	G
MN908947.3	11669	C	Y	2609	254	8.67%	2	2	17	11	8.743874987304235E-76	1	1	1407	1202	9	245	T
MN908947.3	12132	C	Y	1834	111	5.2%	2	2	23	16	4.451018902253527E-33	1	1	944	890	1	110	T
MN908947.3	12695	C	Y	1098	83	6.85%	2	1	20	11	1.02232340790405E-24	1	1	605	493	0	83	T
MN908947.3	12880	C	Y	370	448	54.17%	2	2	25	29	4.293044640320414E-173	1	1	188	182	220	228	T
MN908947.3	13005	C	Y	788	59	6.92%	2	1	20	9	6.092428568408978E-19	1	1	414	374	0	59	T
MN908947.3	13195	T	Y	988	860	45.87%	2	2	23	24	2.5740228796E-314	1	1	516	472	417	443	C
MN908947.3	13402	T	K	1143	384	24.79%	2	2	21	11	5.594399412832225E-126	1	1	618	525	179	205	G
MN908947.3	13408	T	K	1124	391	25.31%	2	2	22	23	1.1457420416885138E-128	1	1	606	518	183	208	G
MN908947.3	13476	C	Y	842	185	16.96%	2	2	20	9	2.29381489043915E-58	1	1	605	237	2	183	T
MN908947.3	13489	G	R	1002	81	7.07%	2	1	15	9	3.7661588818009436E-24	1	1	440	562	81	0	A
MN908947.3	13492	C	Y	1053	104	8.88%	2	1	14	10	2.421513118735186E-31	1	1	591	462	0	104	T
MN908947.3	14351	A	R	767	682	46.78%	2	2	24	22	1.2636503080341934E-249	1	1	414	353	346	336	G
MN908947.3	14408	C	T	40	1380	96.3%	2	2	5	23	0.0	1	1	3	37	727	653	T
MN908947.3	15102	T	Y	1119	153	11.79%	2	1	17	9	5.562166149054979E-47	1	1	682	437	0	153	C
MN908947.3	15145	A	R	1205	125	9.28%	2	2	21	11	7.355456219262026E-38	1	1	566	639	124	1	G
MN908947.3	15146	G	R	1230	125	9.21%	2	1	21	10	7.796906335529885E-38	1	1	574	656	125	0	A
MN908947.3	15240	C	Y	1813	427	18.99%	2	2	23	24	1.4026727421883382E-134	1	1	958	855	191	236	T
MN908947.3	15588	C	Y	1120	94	7.61%	2	2	20	11	3.8712434323084758E-28	1	1	611	509	2	92	T
MN908947.3	15714	C	Y	538	661	55.04%	2	2	20	21	5.773301645890549E-253	1	1	277	261	317	344	T
MN908947.3	15952	C	Y	1078	68	5.84%	2	2	18	9	4.3846225389750936E-20	1	1	540	538	7	61	T
MN908947.3	15960	C	Y	643	560	46.01%	2	2	16	20	3.8745506327113116E-204	1	1	320	323	281	279	T
MN908947.3	16013	G	R	1094	109	8.93%	2	2	15	10	6.898647539701763E-33	1	1	479	615	108	1	A
MN908947.3	16111	C	Y	1148	64	5.16%	2	2	19	10	7.814668022720657E-19	1	1	593	555	1	63	T
MN908947.3	16220	C	Y	1509	129	7.75%	2	2	17	10	7.26226262821235E-39	1	1	847	662	4	125	T
MN908947.3	16720	G	R	906	50	5.18%	2	1	24	9	4.600692994240643E-16	1	1	420	486	50	0	A
MN908947.3	16825	G	R	1784	161	8.18%	2	2	17	10	9.186406346579249E-49	1	1	689	1095	160	1	A
MN908947.3	16870	C	Y	1056	106	8.62%	2	2	19	10	5.666360415754122E-32	1	1	553	503	2	104	T
MN908947.3	16987	G	R	1140	62	5.04%	2	2	19	10	3.174388250949391E-18	1	1	530	610	58	4	A
MN908947.3	17196	G	R	950	68	6.49%	2	1	19	8	3.8520409406118696E-20	1	1	410	540	68	0	A
MN908947.3	17197	G	R	990	65	6.07%	2	2	20	8	3.385260398799678E-19	1	1	446	544	64	1	A
MN908947.3	17410	C	Y	1006	1250	54.7%	2	2	21	24	0.0	1	1	506	500	618	632	T
MN908947.3	17567	G	R	1102	114	9.28%	2	2	18	12	1.8176754875285627E-34	1	1	443	659	104	10	A
MN908947.3	17708	C	Y	2241	234	9.33%	2	2	18	10	8.589815109708909E-70	1	1	1131	1110	33	201	T
MN908947.3	17845	C	Y	1162	93	7.34%	2	1	22	9	8.47712352861088E-28	1	1	606	556	0	93	T
MN908947.3	17947	G	R	1116	89	7.21%	2	2	17	9	1.4111333866897962E-26	1	1	461	655	88	1	A
MN908947.3	18163	A	G	52	1157	91.17%	2	2	9	17	0.0	1	1	51	1	530	627	G
MN908947.3	18266	G	R	1907	103	5.02%	2	2	16	8	3.7756768515576726E-29	1	1	916	991	62	41	A
MN908947.3	18317	G	R	1712	116	6.25%	2	2	19	9	1.1138402357425074E-34	1	1	676	1036	114	2	A
MN908947.3	18733	G	R	1273	102	7.38%	2	2	20	10	1.5212252500477447E-30	1	1	626	647	100	2	A
MN908947.3	19484	C	Y	465	98	17.1%	2	2	16	10	3.083485825013169E-32	1	1	262	203	2	96	T
MN908947.3	19492	A	R	534	37	6.45%	2	2	20	10	3.982953953633648E-12	1	1	223	311	36	1	G
MN908947.3	19493	G	R	532	41	7.12%	2	1	20	10	2.1655192231274898E-13	1	1	220	312	41	0	A
MN908947.3	19955	C	Y	656	728	51.96%	2	2	21	22	9.195719996849196E-275	1	1	328	328	378	350	T
MN908947.3	20032	C	Y	1273	87	6.29%	2	2	18	10	7.169869020868446E-26	1	1	681	592	8	79	T
MN908947.3	20055	A	R	637	697	51.74%	2	2	22	21	1.7946026641321884E-262	1	1	323	314	361	336	G
MN908947.3	20679	G	R	1055	107	9.01%	2	2	17	9	2.723987428183126E-32	1	1	494	561	97	10	A
MN908947.3	20891	T	K	616	62	9.08%	2	2	20	12	5.0290506476574646E-20	1	1	308	308	53	9	G
MN908947.3	20931	G	R	554	38	6.32%	2	2	18	11	1.9702264665878666E-12	1	1	270	284	37	1	A
MN908947.3	21002	G	R	571	33	5.4%	2	2	21	8	7.428703525830742E-11	1	1	308	263	1	32	A
MN908947.3	21191	C	Y	1025	65	5.92%	2	2	19	10	3.497693215788478E-19	1	1	521	504	2	63	T
MN908947.3	21618	C	Y	608	634	50.2%	2	2	23	24	5.223264733153711E-237	1	1	307	301	303	331	T
MN908947.3	21762	C	Y	988	899	47.12%	2	2	22	12	0.0	1	1	502	486	445	454	T
MN908947.3	21846	C	Y	1012	912	47.06%	2	2	20	22	0.0	1	1	506	506	438	474	T
MN908947.3	21987	G	A	198	1507	82.62%	2	2	21	25	0.0	1	1	115	83	729	778	A
MN908947.3	22200	T	G	171	637	76.47%	2	2	19	18	5.120282361028826E-290	1	1	89	82	347	290	G
MN908947.3	22251	C	Y	1260	72	5.33%	2	2	22	9	3.0018543192683802E-21	1	1	667	593	3	69	T
MN908947.3	22578	G	A	21	2194	98.56%	2	2	8	25	0.0	1	1	19	2	1148	1046	A
MN908947.3	22599	G	R	1304	911	40.69%	2	2	24	25	1.754E-321	1	1	688	616	460	451	A
MN908947.3	22661	G	R	759	58	7.07%	2	2	20	10	1.2155996720211685E-18	1	1	340	419	55	3	A
MN908947.3	22673	T	Y	502	288	35.64%	2	2	22	23	1.994571440127145E-101	1	1	241	261	151	137	C
MN908947.3	22674	C	T	20	767	96.12%	2	2	6	23	0.0	1	1	7	13	381	386	T
MN908947.3	22679	T	C	13	804	98.05%	2	2	8	20	0.0	1	1	8	5	393	411	C
MN908947.3	22686	C	T	11	760	97.31%	2	2	7	23	0.0	1	1	5	6	358	402	T
MN908947.3	22688	A	R	317	499	60.56%	2	2	23	19	3.2552890880701084E-200	1	1	162	155	241	258	G
MN908947.3	22775	G	R	333	492	59.35%	2	2	20	18	1.4016619645866605E-195	1	1	155	178	257	235	A
MN908947.3	22786	A	M	342	476	57.63%	2	2	22	20	1.3542921628051266E-187	1	1	160	182	246	230	C
MN908947.3	22813	G	T	277	1583	84.65%	2	2	21	25	0.0	1	1	161	116	768	815	T
MN908947.3	22882	T	G	375	1453	78.63%	2	2	25	21	0.0	1	1	189	186	734	719	G
MN908947.3	22898	G	R	888	807	47.33%	2	2	20	14	1.5789167736533707E-296	1	1	433	455	416	391	A
MN908947.3	22992	G	A	13	971	97.78%	2	2	7	21	0.0	1	1	11	2	479	492	A
MN908947.3	22995	C	A	4	970	99.08%	2	2	5	22	0.0	1	1	3	1	479	491	A
MN908947.3	23013	A	C	14	972	97.3%	2	2	8	23	0.0	1	1	10	4	476	496	C
MN908947.3	23040	A	G	11	988	98.6%	2	2	6	21	0.0	1	1	7	4	491	497	G
MN908947.3	23048	G	R	629	367	36.63%	2	2	22	22	2.6483750218198894E-129	1	1	307	322	195	172	A
MN908947.3	23055	A	G	37	937	95.42%	2	2	9	18	0.0	1	1	29	8	465	472	G
MN908947.3	23063	A	T	5	948	98.34%	2	2	11	23	0.0	1	1	4	1	475	473	T
MN908947.3	23075	T	C	15	991	98.41%	2	2	6	23	0.0	1	1	12	3	478	513	C
MN908947.3	23202	C	M	1265	701	34.89%	2	2	24	24	2.3558501533390436E-242	1	1	613	652	335	366	A
MN908947.3	23403	A	G	4	983	98.6%	2	2	10	21	0.0	1	1	3	1	497	486	G
MN908947.3	23506	C	Y	2263	156	6.43%	2	2	21	12	2.7721222221151183E-45	1	1	1200	1063	1	155	T
MN908947.3	23525	C	T	11	1314	98.8%	2	2	6	25	0.0	1	1	2	9	666	648	T
MN908947.3	23561	G	R	1055	218	16.55%	2	1	20	11	1.089863198963937E-68	1	1	418	637	218	0	A
MN908947.3	23599	T	G	3	1308	98.64%	2	2	8	22	0.0	1	1	2	1	648	660	G
MN908947.3	23604	C	A	7	1327	98.74%	2	2	5	21	0.0	1	1	3	4	669	658	A
MN908947.3	23854	C	A	5	1420	99.23%	2	2	7	24	0.0	1	1	4	1	700	720	A
MN908947.3	23874	C	Y	1285	167	11.4%	2	2	19	10	3.019383726799427E-51	1	1	723	562	1	166	T
MN908947.3	23948	G	T	4	1447	98.91%	2	2	10	30	0.0	1	1	1	3	711	736	T
MN908947.3	24056	G	R	1198	153	11.13%	2	2	21	8	7.494737840923183E-47	1	1	460	738	147	6	A
MN908947.3	24057	G	R	1272	100	7.15%	2	2	19	6	6.416149032487805E-30	1	1	540	732	98	2	A
MN908947.3	24096	C	Y	2338	223	8.63%	2	2	20	10	3.2877686317854737E-66	1	1	1265	1073	4	219	T
MN908947.3	24130	C	M	1470	1084	41.5%	2	2	21	22	0.0	1	1	711	759	530	554	A
MN908947.3	24199	G	R	1010	140	11.96%	2	2	16	9	5.980208496699519E-43	1	1	441	569	138	2	A
MN908947.3	24233	G	R	1096	60	5.04%	2	2	19	8	1.256933179525335E-17	1	1	510	586	58	2	A
MN908947.3	24245	C	Y	1008	67	5.98%	2	2	20	11	8.340972405183381E-20	1	1	574	434	4	63	T
MN908947.3	24276	G	R	1109	64	5.41%	2	1	21	9	7.596451794045815E-19	1	1	506	603	64	0	A
MN908947.3	24277	G	R	995	74	6.21%	2	2	21	7	5.625427993640948E-22	1	1	396	599	72	2	A
MN908947.3	24389	A	M	1178	842	41.29%	2	2	23	22	1.0968852633540608E-297	1	1	578	600	469	373	C
MN908947.3	24390	G	S	1176	846	41.37%	2	2	22	22	2.3539375873997356E-299	1	1	574	602	472	374	C
MN908947.3	24422	C	Y	2023	117	5.41%	2	2	22	10	2.2224232016832987E-33	1	1	1111	912	1	116	T
MN908947.3	24424	A	T	18	2082	97.06%	2	2	8	23	0.0	1	1	8	10	1086	996	T
MN908947.3	24469	T	A	15	854	98.27%	2	2	9	22	0.0	1	1	10	5	425	429	A
MN908947.3	24503	C	Y	515	397	42.37%	2	2	22	24	1.8157260952374166E-144	1	1	270	245	226	171	T
MN908947.3	24793	T	Y	737	632	45.66%	2	2	20	17	4.125847179852019E-230	1	1	359	378	340	292	C
MN908947.3	25000	C	T	259	2020	88.4%	2	2	22	25	0.0	1	1	165	94	1031	989	T
MN908947.3	25499	C	Y	828	47	5.22%	2	2	18	9	3.766718773756535E-15	1	1	389	439	1	46	T
MN908947.3	25584	C	T	17	852	97.71%	1	2	7	21	0.0	1	1	0	17	396	456	T
MN908947.3	25776	G	K	628	552	46.19%	2	2	20	22	1.9118261377772274E-201	1	1	315	313	273	279	T
MN908947.3	25792	C	Y	1091	86	7.17%	2	2	17	10	1.176999008998773E-25	1	1	578	513	1	85	T
MN908947.3	25805	C	Y	1101	68	5.73%	2	2	18	9	4.4739662323739524E-20	1	1	561	540	7	61	T
MN908947.3	25836	C	Y	1118	64	5.36%	2	2	21	9	7.64756676372911E-19	1	1	580	538	2	62	T
MN908947.3	25922	G	R	2621	149	5.32%	2	1	20	9	5.48679622078454E-43	1	1	1166	1455	149	0	A
MN908947.3	26030	A	R	944	663	40.77%	2	2	22	21	1.7951310468128713E-235	1	1	489	455	326	337	G
MN908947.3	26060	C	Y	690	891	55.72%	2	2	21	23	0.0	1	1	341	349	447	444	T
MN908947.3	26270	C	T	15	2490	98.93%	2	2	6	19	0.0	1	1	9	6	1209	1281	T
MN908947.3	26350	G	R	838	48	5.32%	2	2	20	9	1.846932988265171E-15	1	1	393	445	46	2	A
MN908947.3	26530	A	R	853	1388	61.39%	2	2	20	20	0.0	1	1	434	419	656	732	G
MN908947.3	26549	C	Y	2182	231	9.46%	2	1	20	9	6.701462543785822E-69	1	1	1249	933	0	231	T
MN908947.3	26551	T	Y	2283	152	6.21%	2	2	22	10	4.885413722285801E-44	1	1	1253	1030	1	151	C
MN908947.3	26577	C	G	180	2205	91.84%	2	2	25	25	0.0	1	1	53	127	1169	1036	G
MN908947.3	26709	G	A	27	981	96.56%	1	2	6	20	0.0	1	1	27	0	484	497	A
MN908947.3	26753	C	Y	912	91	8.88%	2	2	20	9	2.3156409349864863E-27	1	1	515	397	1	90	T
MN908947.3	26858	C	Y	1384	1034	42.45%	2	2	26	26	0.0	1	1	758	626	470	564	T
MN908947.3	27084	G	R	1473	102	6.43%	2	2	21	9	1.954398120265195E-30	1	1	670	803	101	1	A
MN908947.3	27103	C	Y	1268	288	18.1%	2	2	20	8	1.3836439830545114E-91	1	1	796	472	2	286	T
MN908947.3	27106	C	Y	1422	82	5.27%	2	2	20	10	2.8681967336455467E-24	1	1	801	621	1	81	T
MN908947.3	27259	A	C	18	1332	96.59%	2	2	7	19	0.0	1	1	13	5	729	603	C
MN908947.3	27382	G	S	665	698	50.58%	2	2	24	20	2.4864692567417386E-261	1	1	320	345	380	318	C
MN908947.3	27383	A	W	664	699	50.32%	2	2	28	24	8.169038956896565E-262	1	1	323	341	377	322	T
MN908947.3	27384	T	Y	694	701	49.82%	2	2	27	23	4.500432839218669E-261	1	1	325	369	380	321	C
MN908947.3	27707	C	Y	1017	55	5.05%	2	2	18	8	3.9847755985165576E-16	1	1	557	460	5	50	T
MN908947.3	27807	C	T	8	2500	98.97%	2	2	8	26	0.0	1	1	3	5	1235	1265	T
MN908947.3	28122	G	R	2096	273	11.28%	2	2	20	11	1.713659124580073E-82	1	1	890	1206	266	7	A
MN908947.3	28271	A	T	29	1752	97.66%	2	2	10	25	0.0	1	1	6	23	853	899	T
MN908947.3	28311	C	T	57	1696	96.2%	2	2	12	20	0.0	1	1	41	16	810	886	T
MN908947.3	28362	G	K	57	6	7.5%	2	1	10	4	0.013795605724652339	1	1	30	27	0	6	T
MN908947.3	28363	A	W	20	42	63.64%	2	2	8	8	4.082559340432066E-18	1	1	4	16	27	15	T
MN908947.3	28365	A	W	40	3	6.52%	2	2	9	5	0.12058823529411408	1	1	6	34	1	2	T
MN908947.3	28367	C	Y	6	15	65.22%	2	2	3	9	5.499408630258758E-7	1	1	1	5	3	12	T
MN908947.3	28368	G	S	3	2	8%	2	1	3	3	0.22222222222222132	1	1	1	2	0	2	-CA
MN908947.3	28368	G	K	3	2	8%	2	1	3	3	0.22222222222222132	1	1	1	2	2	0	-CA
MN908947.3	28369	C	Y	7	21	70%	2	2	5	3	8.791727043229548E-10	1	1	3	4	4	17	T
MN908947.3	28568	G	R	761	119	13.33%	2	2	19	11	2.0809223243960928E-38	1	1	383	378	118	1	A
MN908947.3	28881	G	A	5	972	99.28%	2	2	6	23	0.0	1	1	4	1	506	466	A
MN908947.3	28882	G	A	7	957	97.16%	1	2	8	24	0.0	1	1	7	0	492	465	A
MN908947.3	28883	G	C	6	973	97.59%	2	2	7	22	0.0	1	1	3	3	499	474	C
MN908947.3	28916	G	R	911	95	9.41%	2	2	20	11	1.2496479690327242E-28	1	1	425	486	94	1	A
MN908947.3	29022	C	Y	1439	102	6.53%	2	1	21	7	1.8818121347318435E-30	1	1	806	633	0	102	T
MN908947.3	29058	G	R	1347	108	7.28%	2	1	16	7	2.2368505207055967E-32	1	1	536	811	108	0	A
MN908947.3	29426	A	R	898	56	5.65%	2	1	20	9	6.042731753242973E-18	1	1	395	503	56	0	G
MN908947.3	29427	G	R	872	53	5.53%	2	1	19	8	5.1573183328948807E-17	1	1	380	492	53	0	A
MN908947.3	29510	A	M	1312	1191	46.74%	2	2	22	19	0.0	1	1	719	593	636	555	C
MN908947.3	29783	G	R	1425	99	6.42%	2	2	17	5	1.5884440539205459E-29	1	1	702	723	98	1	A
