Chrom	Position	Ref	Cons	Reads1	Reads2	VarFreq	Strands1	Strands2	Qual1	Qual2	Pvalue	MapQual1	MapQual2	Reads1Plus	Reads1Minus	Reads2Plus	Reads2Minus	VarAllele
MN908947.3	177	T	Y	113	7	5.74%	2	1	17	8	0.007140466550292846	1	1	35	78	0	7	C
MN908947.3	227	G	R	104	11	9.24%	2	2	22	8	3.8002155183644473E-4	1	1	17	87	10	1	A
MN908947.3	241	C	T	0	113	99.12%	0	2	0	22	1.7491036687139674E-67	0	1	0	0	27	86	T
MN908947.3	665	C	Y	1608	91	5.25%	2	2	21	8	5.5911005751743726E-27	1	1	836	772	9	82	T
MN908947.3	670	T	K	809	868	51.42%	2	2	22	18	0.0	1	1	401	408	409	459	G
MN908947.3	1009	C	Y	1497	107	6.54%	2	2	18	9	5.577031690888288E-32	1	1	784	713	2	105	T
MN908947.3	1093	C	Y	614	35	5.12%	2	2	17	11	1.8172277546379225E-11	1	1	323	291	5	30	T
MN908947.3	1141	G	R	629	37	5.52%	2	1	21	14	4.351063353489127E-12	1	1	265	364	37	0	A
MN908947.3	1171	T	Y	657	37	5.29%	2	2	20	8	4.4447774413279965E-12	1	1	336	321	1	36	C
MN908947.3	1214	C	Y	592	52	7.6%	2	2	18	10	7.595845203506266E-17	1	1	321	271	2	50	T
MN908947.3	1215	T	Y	617	41	6.18%	2	2	18	11	2.3906820646785903E-13	1	1	322	295	2	39	C
MN908947.3	1264	G	R	1429	101	6.49%	2	2	20	10	3.809486577656759E-30	1	1	649	780	96	5	A
MN908947.3	1377	C	Y	361	501	57.72%	2	2	22	24	2.476716877687377E-197	1	1	166	195	226	275	T
MN908947.3	1420	C	Y	830	50	5.6%	2	2	23	12	4.3394068742160313E-16	1	1	409	421	2	48	T
MN908947.3	2143	C	Y	1352	75	5.22%	2	2	19	10	3.853334078484089E-22	1	1	697	655	1	74	T
MN908947.3	2198	G	R	2255	174	7.09%	2	2	19	10	7.026943053344896E-51	1	1	1033	1222	170	4	A
MN908947.3	2445	C	M	472	484	50.1%	2	2	19	21	1.1324156077930506E-182	1	1	226	246	242	242	A
MN908947.3	2470	C	Y	573	417	42.04%	2	2	21	23	1.2145506843664274E-150	1	1	273	300	199	218	T
MN908947.3	2772	A	R	1003	57	5.36%	2	2	23	23	9.696362137347504E-17	1	1	479	524	33	24	G
MN908947.3	2790	C	Y	403	577	56.62%	2	2	26	32	3.2809092236369354E-228	1	1	198	205	275	302	T
MN908947.3	2832	A	R	1642	431	20.7%	2	2	17	17	7.346402006526947E-137	1	1	816	826	201	230	G
MN908947.3	2836	C	Y	1783	121	6.24%	2	2	18	7	3.333096669613096E-36	1	1	1030	753	2	119	T
MN908947.3	2838	C	Y	1762	180	8.98%	2	1	18	7	8.028692769632478E-55	1	1	1040	722	0	180	T
MN908947.3	3037	C	T	3	975	99.29%	1	2	8	23	0.0	1	1	0	3	497	478	T
MN908947.3	3701	G	R	893	53	5.46%	2	2	20	6	5.248423447584763E-17	1	1	391	502	52	1	A
MN908947.3	3903	C	Y	873	66	6.95%	2	2	21	7	4.148999177987891E-21	1	1	452	421	3	63	T
MN908947.3	4184	G	R	489	626	55.6%	2	2	21	21	6.522880853487706E-241	1	1	255	234	342	284	A
MN908947.3	4255	G	R	955	90	8.41%	2	2	16	6	5.2362480753129124E-27	1	1	475	480	83	7	A
MN908947.3	4321	C	Y	928	658	38.52%	2	2	22	22	5.900244813230475E-234	1	1	503	425	353	305	T
MN908947.3	4656	G	R	1366	92	6.27%	2	2	19	10	2.224428438878882E-27	1	1	616	750	88	4	A
MN908947.3	5305	G	R	1714	98	5.37%	2	2	22	8	4.2100449799520777E-29	1	1	768	946	94	4	A
MN908947.3	5386	T	W	605	65	6.44%	2	2	19	11	5.303100997868787E-21	1	1	298	307	64	1	A
MN908947.3	5386	T	K	605	327	32.41%	2	2	19	17	2.466708564745623E-114	1	1	298	307	125	202	G
MN908947.3	5584	A	R	2118	161	6.97%	2	2	21	19	6.555537534298174E-47	1	1	1045	1073	99	62	G
MN908947.3	5736	C	Y	878	315	25.86%	2	2	21	14	1.0669837965909923E-103	1	1	621	257	4	311	T
MN908947.3	6078	C	Y	613	136	17.97%	2	2	21	12	1.3457664255097905E-44	1	1	370	243	2	134	T
MN908947.3	6255	C	Y	2216	182	7.5%	2	2	22	9	2.108883788963766E-53	1	1	1260	956	7	175	T
MN908947.3	6306	G	R	1460	86	5.39%	2	2	18	8	1.7330307318891458E-25	1	1	735	725	85	1	A
MN908947.3	6385	C	Y	1529	128	7.65%	2	2	20	10	1.5482650653508207E-38	1	1	870	659	3	125	T
MN908947.3	6386	T	Y	1496	150	8.97%	2	2	20	10	1.5897758830119424E-45	1	1	873	623	1	149	C
MN908947.3	6387	G	R	1516	141	8.43%	2	2	20	11	1.1927416521778957E-42	1	1	867	649	4	137	A
MN908947.3	6388	C	Y	1496	152	9.06%	2	2	20	12	3.66930747545637E-46	1	1	866	630	1	151	T
MN908947.3	6552	T	K	803	396	32.7%	2	2	21	11	1.244762341550999E-134	1	1	395	408	275	121	G
MN908947.3	6847	G	R	1415	130	8.31%	2	2	18	11	2.9757270846450144E-39	1	1	616	799	127	3	A
MN908947.3	6884	G	R	659	68	9.03%	2	2	18	11	6.548450503510724E-22	1	1	325	334	67	1	A
MN908947.3	7381	A	R	2100	133	5.91%	2	2	26	23	2.9496655287607354E-38	1	1	1036	1064	62	71	G
MN908947.3	7383	A	W	2077	127	5.74%	2	2	26	24	2.0132323429555862E-36	1	1	1019	1058	58	69	T
MN908947.3	7388	G	R	1959	137	6.17%	2	2	18	20	1.4980353178132094E-39	1	1	923	1036	61	76	A
MN908947.3	7392	C	Y	1754	400	17.96%	2	2	16	11	1.2476317133292702E-125	1	1	1000	754	47	353	T
MN908947.3	7472	G	R	680	198	22.45%	2	1	19	12	8.844620354018529E-66	1	1	236	444	198	0	A
MN908947.3	7517	G	R	799	51	5.85%	2	1	21	7	2.049863210181999E-16	1	1	354	445	51	0	A
MN908947.3	7594	C	Y	585	78	8.94%	2	2	18	14	2.9811653226400242E-25	1	1	344	241	1	77	-T
MN908947.3	7600	C	Y	806	59	6.52%	2	1	18	9	6.231347964503051E-19	1	1	424	382	0	59	T
MN908947.3	7674	C	Y	1582	102	5.6%	2	2	19	8	2.1831823668423938E-30	1	1	793	789	1	101	T
MN908947.3	8022	T	K	1067	407	27.32%	2	2	23	6	4.748112429741013E-135	1	1	533	534	210	197	G
MN908947.3	8393	G	R	664	445	39.91%	2	2	24	24	1.087041975679372E-156	1	1	336	328	230	215	A
MN908947.3	8889	G	R	1592	115	6.65%	2	2	19	10	1.9969477412999464E-34	1	1	662	930	113	2	A
MN908947.3	9259	A	R	1119	339	23.16%	2	2	24	35	3.5873603188953066E-110	1	1	540	579	166	173	G
MN908947.3	9344	C	Y	294	384	55.33%	2	2	22	23	4.5307812909254166E-150	1	1	148	146	178	206	T
MN908947.3	9424	A	R	322	376	53.33%	2	2	21	20	1.2400287001356485E-144	1	1	157	165	175	201	G
MN908947.3	9534	C	Y	644	802	55.12%	2	2	21	22	7.099169019469268E-308	1	1	314	330	365	437	T
MN908947.3	9539	C	Y	1193	170	11.91%	2	2	18	9	2.212855334561807E-52	1	1	683	510	3	167	T
MN908947.3	9541	C	Y	1350	75	5.19%	2	1	20	9	3.8479337730597546E-22	1	1	676	674	0	75	T
MN908947.3	9866	C	Y	368	475	55.23%	2	2	19	20	3.5844963800150966E-185	1	1	207	161	252	223	T
MN908947.3	9951	C	Y	870	56	5.97%	2	2	20	10	5.8880852228597345E-18	1	1	475	395	1	55	T
MN908947.3	9968	G	R	858	49	5.36%	2	2	19	10	9.124523176087151E-16	1	1	411	447	45	4	A
MN908947.3	10029	C	T	7	919	99.03%	2	2	12	25	0.0	1	1	3	4	477	442	T
MN908947.3	10139	G	R	1677	101	5.62%	2	2	20	11	4.8447091152744535E-30	1	1	805	872	99	2	A
MN908947.3	10198	C	Y	374	403	51.47%	2	2	19	20	3.016603510338255E-153	1	1	180	194	223	180	T
MN908947.3	10261	G	R	696	49	6.47%	2	2	19	9	7.855224939336758E-16	1	1	328	368	46	3	A
MN908947.3	10447	G	R	672	894	56.19%	2	2	19	23	0.0	1	1	309	363	464	430	A
MN908947.3	10449	C	A	319	1258	79.17%	2	2	18	22	0.0	1	1	135	184	653	605	A
MN908947.3	10834	C	Y	861	86	9.01%	2	2	19	12	1.7115078123227804E-27	1	1	452	409	2	84	T
MN908947.3	11288	T	K	3	2	16.67%	1	1	3	4	0.22222222222222132	1	1	0	3	0	2	-CTGGTTTTAAGC
MN908947.3	11291	G	R	14	9	37.5%	2	2	5	7	7.417426589292693E-4	1	1	2	12	4	5	A
MN908947.3	11537	A	R	750	541	41.52%	2	2	21	20	1.701393045471636E-192	1	1	379	371	295	246	G
MN908947.3	11669	C	Y	2150	125	5.35%	2	2	16	10	8.756128372382867E-36	1	1	1112	1038	10	115	T
MN908947.3	12132	C	Y	1252	82	5.62%	2	2	21	16	2.479212245756567E-24	1	1	673	579	1	81	T
MN908947.3	12242	C	Y	1455	78	5.02%	2	2	20	11	4.9680392942111315E-23	1	1	753	702	1	77	T
MN908947.3	12695	C	Y	669	42	5.83%	2	1	20	11	1.218528130028814E-13	1	1	370	299	0	42	T
MN908947.3	12880	C	Y	309	448	58.26%	2	2	25	30	1.1894356115285033E-177	1	1	148	161	214	234	T
MN908947.3	13195	T	Y	770	545	41.01%	2	2	24	25	1.7590425427991295E-193	1	1	385	385	274	271	C
MN908947.3	13476	C	Y	949	175	14.72%	2	2	20	9	1.2848683381519266E-54	1	1	636	313	1	174	T
MN908947.3	13489	G	R	1050	99	7.93%	2	1	14	9	9.160487204294487E-30	1	1	412	638	99	0	A
MN908947.3	13492	C	Y	1128	115	9.04%	2	2	13	10	9.290600932228254E-35	1	1	603	525	3	112	T
MN908947.3	14229	G	R	2050	152	6.81%	2	1	18	11	3.7670997612662863E-44	1	1	936	1114	152	0	A
MN908947.3	14293	C	Y	2106	126	5.57%	2	2	22	18	4.1778968106384697E-36	1	1	1078	1028	33	93	T
MN908947.3	14408	C	T	27	1119	96.72%	2	2	4	22	0.0	1	1	5	22	552	567	T
MN908947.3	15102	T	Y	874	139	13.46%	2	2	16	8	6.709479117157576E-43	1	1	503	371	1	138	C
MN908947.3	15103	C	Y	941	54	5.24%	2	1	17	8	2.6510155981543813E-17	1	1	499	442	0	54	T
MN908947.3	15145	A	R	957	99	9.3%	2	2	21	11	7.499500999289526E-30	1	1	401	556	98	1	G
MN908947.3	15146	G	R	969	94	8.81%	2	1	21	12	2.9468485961403586E-28	1	1	408	561	94	0	A
MN908947.3	15240	C	Y	1514	360	19.1%	2	2	24	24	4.292747077917738E-115	1	1	726	788	161	199	T
MN908947.3	15546	C	Y	1472	131	8.1%	2	2	19	11	1.5957719472434363E-39	1	1	779	693	13	118	T
MN908947.3	15574	G	R	726	42	5.37%	2	1	23	12	1.277925712987606E-13	1	1	363	363	42	0	A
MN908947.3	15588	C	Y	719	51	6.48%	2	2	21	9	1.8864549537277333E-16	1	1	409	310	2	49	T
MN908947.3	15714	C	Y	297	452	59.87%	2	2	20	22	1.6385931468236332E-180	1	1	159	138	230	222	T
MN908947.3	16220	C	Y	1252	81	6.01%	2	2	17	9	5.051020758817733E-24	1	1	641	611	4	77	T
MN908947.3	16768	C	Y	1581	99	5.62%	2	2	21	10	1.853572812387916E-29	1	1	793	788	9	90	T
MN908947.3	16825	G	R	1423	110	7.06%	2	2	17	10	5.883586527064338E-33	1	1	549	874	109	1	A
MN908947.3	16870	C	Y	678	82	9.79%	2	2	18	10	2.0528978860755462E-26	1	1	339	339	5	77	T
MN908947.3	17197	G	R	898	71	7.25%	2	2	20	7	1.1190164598333594E-22	1	1	361	537	70	1	A
MN908947.3	17410	C	Y	718	969	56.7%	2	2	21	24	0.0	1	1	354	364	486	483	T
MN908947.3	17434	G	R	1626	95	5.48%	2	2	20	9	3.314725727801449E-28	1	1	764	862	81	14	A
MN908947.3	17567	G	R	690	52	7.01%	2	2	18	12	8.797251746542306E-17	1	1	317	373	50	2	A
MN908947.3	17704	A	R	1586	102	5.89%	2	2	18	10	2.1914544293403388E-30	1	1	759	827	99	3	G
MN908947.3	17705	G	R	1584	101	5.91%	2	2	18	9	4.4651101885782425E-30	1	1	765	819	91	10	A
MN908947.3	17708	C	Y	1576	138	7.97%	2	2	18	10	1.1817957012072692E-41	1	1	843	733	24	114	T
MN908947.3	17822	C	Y	624	388	38.11%	2	2	22	22	2.935654219758558E-135	1	1	327	297	171	217	T
MN908947.3	17946	A	R	914	51	5.17%	2	2	19	8	2.2533134581304966E-16	1	1	400	514	50	1	G
MN908947.3	17947	G	R	896	87	8.75%	2	1	18	9	8.823793016044918E-28	1	1	374	522	87	0	A
MN908947.3	18163	A	G	27	734	92.33%	2	2	10	17	0.0	1	1	26	1	307	427	G
MN908947.3	18317	G	R	1167	144	10.78%	2	2	19	9	5.421070126338483E-44	1	1	358	809	143	1	A
MN908947.3	18733	G	R	757	71	8.54%	2	2	20	10	8.830058968424336E-23	1	1	366	391	70	1	A
MN908947.3	18883	G	R	808	48	5.58%	2	2	22	9	1.8038780221324062E-15	1	1	393	415	45	3	A
MN908947.3	19132	G	R	809	60	6.78%	2	1	22	12	3.0208919223730083E-19	1	1	353	456	60	0	A
MN908947.3	19484	C	Y	630	75	10.49%	2	2	17	11	3.310342123357058E-24	1	1	314	316	3	72	T
MN908947.3	19492	A	R	653	58	8.13%	2	2	21	10	1.0327279932326209E-18	1	1	258	395	54	4	G
MN908947.3	19493	G	R	653	59	8.24%	2	1	20	10	4.953175371617326E-19	1	1	255	398	59	0	A
MN908947.3	19955	C	Y	641	859	56.22%	2	2	21	23	0.0	1	1	318	323	435	424	T
MN908947.3	20032	C	Y	1414	80	5.24%	2	2	18	10	1.1748426867798374E-23	1	1	740	674	6	74	T
MN908947.3	20055	A	R	633	813	55.42%	2	2	21	20	1.6206552667E-313	1	1	315	318	395	418	G
MN908947.3	20091	C	Y	1379	100	6.54%	2	2	20	10	7.362218424882127E-30	1	1	709	670	26	74	T
MN908947.3	20133	C	Y	1360	78	5.14%	2	2	19	10	4.648115148435052E-23	1	1	741	619	1	77	T
MN908947.3	20679	G	R	737	60	7.36%	2	2	17	8	2.7360812022183003E-19	1	1	363	374	55	5	A
MN908947.3	20691	G	R	754	57	6.79%	2	2	19	8	2.5028710059796264E-18	1	1	333	421	55	2	A
MN908947.3	20931	G	R	667	61	8.29%	2	2	18	9	1.1680899728884756E-19	1	1	314	353	60	1	A
MN908947.3	21002	G	R	680	43	5.83%	2	2	20	8	5.97373731793594E-14	1	1	365	315	6	37	A
MN908947.3	21191	C	Y	950	65	6.32%	2	2	20	10	3.251895024356034E-19	1	1	510	440	1	64	T
MN908947.3	21595	C	Y	703	713	50.28%	2	2	21	23	1.017121632359273E-265	1	1	373	330	355	358	T
MN908947.3	21618	C	Y	712	687	48.41%	2	2	23	23	3.109582140571401E-254	1	1	351	361	356	331	T
MN908947.3	21762	C	Y	720	674	47.5%	2	2	22	11	2.2425744410967896E-248	1	1	368	352	358	316	T
MN908947.3	21846	C	Y	724	706	49.13%	2	2	20	21	1.1021257419298668E-261	1	1	362	362	363	343	T
MN908947.3	21987	G	A	166	1236	82.45%	2	2	21	24	0.0	1	1	87	79	599	637	A
MN908947.3	22200	T	G	188	639	75.8%	2	2	18	18	3.599085161366418E-287	1	1	79	109	344	295	G
MN908947.3	22578	G	A	13	1962	98.84%	2	2	6	25	0.0	1	1	9	4	978	984	A
MN908947.3	22599	G	R	1090	891	44.59%	2	2	25	24	4.4E-323	1	1	526	564	440	451	A
MN908947.3	22661	G	R	671	52	7.16%	2	2	20	9	8.577981398434768E-17	1	1	289	382	49	3	A
MN908947.3	22673	T	Y	428	275	38.35%	2	2	21	22	4.0829422916984015E-98	1	1	216	212	126	149	C
MN908947.3	22674	C	T	17	680	96.59%	2	2	8	23	0.0	1	1	2	15	333	347	T
MN908947.3	22679	T	C	10	715	97.95%	2	2	6	20	0.0	1	1	4	6	338	377	C
MN908947.3	22686	C	T	14	675	97.4%	2	2	12	24	0.0	1	1	3	11	311	364	T
MN908947.3	22688	A	R	315	415	56.46%	2	2	24	20	2.449344738481798E-162	1	1	144	171	205	210	G
MN908947.3	22775	G	R	305	421	57.59%	2	2	20	18	8.641683528333807E-166	1	1	131	174	216	205	A
MN908947.3	22785	G	R	672	37	5.1%	2	2	21	9	4.49261400690194E-12	1	1	297	375	35	2	A
MN908947.3	22786	A	M	326	389	53.8%	2	2	22	20	4.540552863776182E-150	1	1	145	181	186	203	C
MN908947.3	22813	G	T	268	1308	82.47%	2	2	21	26	0.0	1	1	147	121	617	691	T
MN908947.3	22882	T	G	247	1306	83.03%	2	2	24	21	0.0	1	1	126	121	638	668	G
MN908947.3	22898	G	R	698	791	52.87%	2	2	20	16	1.4459659869866123E-299	1	1	342	356	373	418	A
MN908947.3	22992	G	A	16	794	97.66%	2	2	6	21	0.0	1	1	13	3	390	404	A
MN908947.3	22995	C	A	7	776	98.48%	2	2	7	22	0.0	1	1	5	2	385	391	A
MN908947.3	23013	A	C	8	802	97.45%	2	2	11	23	0.0	1	1	5	3	402	400	C
MN908947.3	23040	A	G	5	822	98.68%	2	2	9	21	0.0	1	1	2	3	418	404	G
MN908947.3	23048	G	R	513	303	36.95%	2	2	23	22	5.134954190843225E-107	1	1	251	262	163	140	A
MN908947.3	23055	A	G	30	769	95.29%	2	2	7	18	0.0	1	1	17	13	397	372	G
MN908947.3	23063	A	T	5	789	99%	2	2	8	22	0.0	1	1	3	2	398	391	T
MN908947.3	23075	T	C	18	812	97.6%	2	2	6	23	0.0	1	1	12	6	397	415	C
MN908947.3	23202	C	M	1058	605	36.05%	2	2	25	24	1.1082510980490866E-209	1	1	518	540	298	307	A
MN908947.3	23403	A	G	4	838	97.67%	2	2	15	20	0.0	1	1	2	2	423	415	G
MN908947.3	23525	C	T	8	976	98.69%	2	2	8	24	0.0	1	1	3	5	465	511	T
MN908947.3	23561	G	R	787	149	15.38%	2	2	20	11	2.3158317330724933E-48	1	1	300	487	148	1	A
MN908947.3	23599	T	G	7	944	98.33%	2	2	7	22	0.0	1	1	4	3	439	505	G
MN908947.3	23604	C	A	10	955	98.56%	2	2	7	21	0.0	1	1	6	4	457	498	A
MN908947.3	23854	C	A	6	1327	99.03%	2	2	7	25	0.0	1	1	4	2	655	672	A
MN908947.3	23874	C	Y	1152	209	15.27%	2	1	19	11	2.4120955967289803E-65	1	1	680	472	0	209	T
MN908947.3	23948	G	T	2	1352	98.9%	1	2	6	30	0.0	1	1	0	2	663	689	T
MN908947.3	24056	G	R	1135	139	10.73%	2	2	21	9	1.9924457478075396E-42	1	1	447	688	135	4	A
MN908947.3	24057	G	R	1204	76	5.84%	2	2	19	7	1.6876464056881092E-22	1	1	519	685	73	3	A
MN908947.3	24096	C	Y	1956	130	6.16%	2	2	21	9	2.15525123914782E-37	1	1	1046	910	4	126	T
MN908947.3	24130	C	M	1187	885	42.02%	2	2	21	22	1.0263037546E-314	1	1	593	594	429	456	A
MN908947.3	24199	G	R	683	72	9.41%	2	2	17	8	3.579693378880163E-23	1	1	330	353	69	3	A
MN908947.3	24240	C	Y	696	37	5.02%	2	2	20	8	4.5659550234255954E-12	1	1	404	292	1	36	T
MN908947.3	24245	C	Y	668	42	5.73%	2	2	22	9	1.2174255113303872E-13	1	1	404	264	4	38	T
MN908947.3	24276	G	R	713	54	6.92%	2	1	20	10	2.1111295506503105E-17	1	1	326	387	54	0	A
MN908947.3	24277	G	R	624	61	7.88%	2	1	21	8	1.0716092110398825E-19	1	1	245	379	61	0	A
MN908947.3	24332	G	R	736	43	5.46%	2	2	22	11	6.264767856797885E-14	1	1	351	385	41	2	A
MN908947.3	24389	A	M	791	532	39.94%	2	2	23	19	1.126928657887024E-187	1	1	406	385	204	328	C
MN908947.3	24390	G	S	777	535	40.26%	2	2	22	19	2.8460160117489962E-189	1	1	394	383	207	328	C
MN908947.3	24422	C	Y	1529	88	5.37%	2	2	21	10	4.4245095161636906E-26	1	1	845	684	4	84	T
MN908947.3	24424	A	T	11	1571	96.98%	2	2	9	22	0.0	1	1	7	4	830	741	T
MN908947.3	24469	T	A	18	746	97.14%	2	2	7	21	0.0	1	1	10	8	367	379	A
MN908947.3	24503	C	Y	456	377	44.25%	2	2	22	24	1.94931820491152E-138	1	1	233	223	217	160	T
MN908947.3	25000	C	T	188	1500	88.76%	2	2	22	25	0.0	1	1	116	72	776	724	T
MN908947.3	25416	C	Y	279	459	59.38%	2	2	24	24	2.0241446695595027E-185	1	1	137	142	210	249	T
MN908947.3	25499	C	Y	770	52	6.21%	2	2	18	9	9.655184567305267E-17	1	1	401	369	3	49	T
MN908947.3	25584	C	T	20	789	97.17%	2	2	9	22	0.0	1	1	5	15	399	390	T
MN908947.3	25667	C	Y	1304	452	25.45%	2	2	24	23	6.815735049960686E-149	1	1	632	672	214	238	T
MN908947.3	25770	G	R	921	55	5.54%	2	1	18	6	1.2688809619952134E-17	1	1	395	526	55	0	A
MN908947.3	25792	C	Y	981	56	5.32%	2	2	17	9	1.9267160149565036E-16	1	1	497	484	3	53	T
MN908947.3	25836	C	Y	963	66	6.33%	2	2	21	9	1.620418195130238E-19	1	1	511	452	1	65	T
MN908947.3	25840	C	Y	968	71	6.76%	2	2	20	10	4.6360614209130826E-21	1	1	524	444	1	70	T
MN908947.3	26060	C	Y	522	544	50.56%	2	2	21	22	3.9463547741871746E-203	1	1	240	282	286	258	T
MN908947.3	26270	C	T	14	1928	98.42%	2	2	8	18	0.0	1	1	11	3	936	992	T
MN908947.3	26350	G	R	800	50	5.81%	2	2	20	7	4.2278428710162914E-16	1	1	366	434	42	8	A
MN908947.3	26530	A	R	769	1208	60.52%	2	2	21	20	0.0	1	1	395	374	591	617	G
MN908947.3	26538	G	R	1922	118	5.72%	2	2	19	8	1.013161661199116E-33	1	1	937	985	114	4	A
MN908947.3	26549	C	Y	1832	221	10.65%	2	2	19	9	3.951143902785987E-66	1	1	1057	775	3	218	T
MN908947.3	26551	T	Y	1943	139	6.64%	2	2	21	10	3.54267745113049E-40	1	1	1075	868	1	138	C
MN908947.3	26577	C	G	158	1874	91.06%	2	2	26	25	0.0	1	1	46	112	998	876	G
MN908947.3	26709	G	A	25	580	95.39%	1	2	9	20	9.4749E-319	1	1	25	0	298	282	A
MN908947.3	26753	C	Y	512	62	10.47%	2	2	21	10	3.800738982865329E-20	1	1	314	198	3	59	T
MN908947.3	26858	C	Y	1379	785	35.86%	2	2	27	26	5.31486401616846E-270	1	1	746	633	367	418	T
MN908947.3	26861	T	Y	1371	729	34.05%	2	2	26	23	1.2437528519087763E-248	1	1	737	634	319	410	C
MN908947.3	27084	G	R	1648	101	5.71%	2	2	21	9	4.727532437266737E-30	1	1	754	894	97	4	A
MN908947.3	27103	C	Y	1572	177	9.93%	2	2	20	9	4.510850606077194E-54	1	1	891	681	1	176	T
MN908947.3	27259	A	C	3	700	97.36%	1	2	6	19	0.0	1	1	3	0	370	330	C
MN908947.3	27382	G	S	385	340	46.07%	2	2	24	20	5.584146500532643E-126	1	1	189	196	168	172	C
MN908947.3	27383	A	W	388	341	46.14%	2	2	28	24	2.868419658239294E-126	1	1	191	197	168	173	T
MN908947.3	27384	T	Y	404	345	46.06%	2	2	27	24	2.873953811058831E-127	1	1	196	208	169	176	C
MN908947.3	27707	C	Y	912	58	5.89%	2	2	19	10	1.4416251242540347E-18	1	1	488	424	4	54	T
MN908947.3	27807	C	T	11	1988	99.15%	2	2	11	26	0.0	1	1	5	6	980	1008	T
MN908947.3	28122	G	R	1933	128	6.12%	2	2	21	10	8.696958799730224E-37	1	1	855	1078	124	4	A
MN908947.3	28271	A	T	23	1681	97.79%	2	2	8	25	0.0	1	1	5	18	807	874	T
MN908947.3	28311	C	T	60	1558	95.94%	2	2	10	20	0.0	1	1	38	22	746	812	T
MN908947.3	28362	G	K	77	7	6.42%	2	1	11	5	0.006859677187733745	1	1	57	20	0	7	-A
MN908947.3	28363	A	W	25	64	67.37%	2	2	6	8	4.341538475505364E-28	1	1	15	10	50	14	T
MN908947.3	28367	C	Y	8	24	70.59%	2	2	4	10	4.1964243121042286E-11	1	1	1	7	14	10	T
MN908947.3	28369	C	S	14	5	22.73%	2	2	4	6	0.02316602316602292	1	1	4	10	3	2	G
MN908947.3	28370	A	R	9	3	12.5%	2	2	4	4	0.10869565217391083	1	1	6	3	2	1	-GTG
MN908947.3	28370	A	W	9	2	8.33%	2	2	4	11	0.23809523809523717	1	1	6	3	1	1	-GTG
MN908947.3	28568	G	R	497	47	8.58%	2	2	20	11	2.515792886439792E-15	1	1	254	243	46	1	A
MN908947.3	28881	G	A	3	917	99.35%	2	2	8	23	0.0	1	1	2	1	451	466	A
MN908947.3	28882	G	A	11	905	97.21%	2	2	6	24	0.0	1	1	10	1	439	466	A
MN908947.3	28883	G	C	4	921	97.87%	2	2	7	22	0.0	1	1	1	3	449	472	C
MN908947.3	28916	G	R	844	93	9.81%	2	1	20	10	9.137966610542518E-30	1	1	361	483	93	0	A
MN908947.3	29022	C	Y	991	74	6.89%	2	1	20	6	5.597586848305164E-22	1	1	547	444	0	74	T
MN908947.3	29029	T	Y	1044	73	6.43%	2	2	21	11	1.2155348926362664E-21	1	1	552	492	1	72	C
MN908947.3	29058	G	R	895	78	7.85%	2	1	16	9	6.629402726659377E-25	1	1	316	579	78	0	A
MN908947.3	29145	T	Y	566	32	5.3%	2	2	23	11	1.52067666110348E-10	1	1	288	278	1	31	C
MN908947.3	29199	C	Y	532	30	5.28%	2	2	17	8	6.258532425214117E-10	1	1	250	282	4	26	T
MN908947.3	29422	G	K	535	386	40.93%	2	2	21	21	2.3998429229738096E-139	1	1	257	278	192	194	T
MN908947.3	29510	A	M	1087	744	39.91%	2	2	22	19	1.3096621120079437E-263	1	1	548	539	371	373	C
MN908947.3	29711	G	K	529	406	40.2%	2	2	20	21	1.2012713571808861E-147	1	1	243	286	215	191	T
MN908947.3	29783	G	R	914	85	8.44%	2	1	18	5	3.9987800081518425E-27	1	1	385	529	85	0	A
