Chrom	Position	Ref	Cons	Reads1	Reads2	VarFreq	Strands1	Strands2	Qual1	Qual2	Pvalue	MapQual1	MapQual2	Reads1Plus	Reads1Minus	Reads2Plus	Reads2Minus	VarAllele
MN908947.3	78	T	*/+A	53	6	10%	2	1	27	16	0.013673898244887864	1	1	19	34	0	6	+A
MN908947.3	92	C	Y	51	3	5.56%	2	1	24	20	0.12149532710280923	1	1	17	34	0	3	T
MN908947.3	215	A	*/+GCC	45	3	6%	2	1	27	16	0.12105263157895177	1	1	9	36	0	3	+GCC
MN908947.3	434	G	*/-A	949	94	8.88%	2	2	28	24	2.824655648281572E-28	1	1	513	436	34	60	-A
MN908947.3	626	G	*/-TTC	896	54	5.67%	2	2	26	22	2.557194450187813E-17	1	1	394	502	40	14	-TTC
MN908947.3	670	T	K	855	801	48.31%	2	2	25	22	1.6439445017013262E-295	1	1	397	458	371	430	G
MN908947.3	841	C	Y	612	46	6.98%	2	1	22	18	6.291453379115475E-15	1	1	404	208	0	46	T
MN908947.3	842	C	Y	635	47	6.89%	2	1	23	18	3.1273789527361918E-15	1	1	429	206	0	47	T
MN908947.3	911	T	*/-C	850	102	10.68%	2	1	24	25	1.1303202651952848E-32	1	1	365	485	102	0	-C
MN908947.3	941	A	*/-G	694	49	6.23%	2	2	22	18	7.837402927006684E-16	1	1	282	412	46	3	-G
MN908947.3	1066	T	*/-G	879	65	6.71%	2	2	25	22	8.660901204989378E-21	1	1	457	422	43	22	-G
MN908947.3	1075	T	*/-C	912	58	5.97%	2	1	26	23	1.4416251242540347E-18	1	1	425	487	58	0	-C
MN908947.3	1090	T	*/-C	733	59	7.37%	2	2	26	25	5.649452951869634E-19	1	1	420	313	51	8	-C
MN908947.3	1135	G	*/-A	660	134	15.49%	2	2	22	25	9.943188415794594E-44	1	1	341	319	28	106	-A
MN908947.3	1592	T	*/-C	534	56	9.46%	2	1	23	24	3.526252807224143E-18	1	1	266	268	56	0	-C
MN908947.3	1628	C	*/-A	701	117	12.83%	2	2	23	21	6.887344285858625E-38	1	1	355	346	66	51	-A
MN908947.3	1701	C	*/-T	898	91	8.84%	2	2	27	23	4.6098991979765924E-29	1	1	454	444	52	39	-T
MN908947.3	1738	G	*/+A	933	57	5.64%	2	2	26	22	3.0261331960272912E-18	1	1	410	523	54	3	+A
MN908947.3	1800	C	*/-A	964	60	5.64%	2	2	28	25	1.1361451183826001E-17	1	1	466	498	56	4	-A
MN908947.3	1813	T	*/-A	898	61	5.73%	2	2	28	24	1.618936443049899E-19	1	1	462	436	23	38	-A
MN908947.3	1910	T	*/-C	1477	121	7.11%	2	2	24	23	2.266133255521944E-36	1	1	948	529	102	19	-C
MN908947.3	2129	G	*/-A	907	113	10.89%	2	2	26	29	2.1928300972668136E-34	1	1	478	429	17	96	-A
MN908947.3	2160	A	*/-AG	971	86	7.99%	2	1	29	23	9.76684567007764E-26	1	1	411	560	86	0	-AG
MN908947.3	2396	A	*/-CG	919	50	5.13%	2	2	21	22	4.642556838632012E-16	1	1	441	478	49	1	-CG
MN908947.3	2470	C	Y	534	460	46.28%	2	2	24	25	1.1521438904306455E-169	1	1	280	254	219	241	T
MN908947.3	2472	C	*/-A	898	73	7.39%	2	2	26	20	2.5951311590874306E-23	1	1	385	513	72	1	-A
MN908947.3	2493	A	*/-G	769	115	12.83%	2	2	23	22	4.555023286965603E-37	1	1	354	415	105	10	-G
MN908947.3	2526	A	*/-G	883	58	6.15%	2	2	23	20	1.4019212252503412E-18	1	1	387	496	55	3	-G
MN908947.3	2790	C	Y	365	377	49.61%	2	2	27	33	1.4344314903867666E-142	1	1	172	193	180	197	T
MN908947.3	2832	A	R	249	230	48.02%	2	2	22	22	6.2080199598972476E-86	1	1	165	84	146	84	G
MN908947.3	2904	T	*/-A	882	79	7.89%	2	2	25	23	3.108739404171354E-25	1	1	401	481	28	51	-A
MN908947.3	3036	T	*/-C	967	60	5.83%	2	2	27	22	1.1390955552904357E-17	1	1	475	492	19	41	-C
MN908947.3	3037	C	T	0	910	100%	0	2	0	26	0.0	0	1	0	0	458	452	T
MN908947.3	3412	T	*/+A	596	46	6.6%	2	2	25	24	6.160326804304578E-15	1	1	268	328	7	39	+A
MN908947.3	3802	T	*/-A	1794	208	10.16%	2	2	29	25	5.141706175629171E-62	1	1	988	806	35	173	-A
MN908947.3	3832	C	*/-T	691	117	13.9%	2	2	27	23	6.487918176355155E-38	1	1	309	382	44	73	-T
MN908947.3	3883	T	*/-C	774	58	6.94%	2	1	26	25	1.2396518839819786E-18	1	1	347	427	58	0	-C
MN908947.3	4174	T	*/-A	818	114	11.6%	2	2	24	22	1.2118916523606061E-36	1	1	552	266	90	24	-A
MN908947.3	4184	G	R	484	544	52.76%	2	2	24	23	2.732612656892992E-205	1	1	316	168	313	231	A
MN908947.3	4215	T	*/-GA	908	82	8.11%	2	1	25	25	3.5942319804354974E-26	1	1	513	395	82	0	-GA
MN908947.3	4250	T	*/-AC	890	56	5.87%	2	1	23	24	5.999105393255494E-18	1	1	559	331	56	0	-AC
MN908947.3	4303	T	*/-A	802	103	10.56%	2	2	25	24	4.539745382906872E-33	1	1	478	324	83	20	-A
MN908947.3	4321	C	Y	444	433	48.65%	2	2	23	24	2.2056622273454813E-162	1	1	289	155	278	155	T
MN908947.3	4850	A	*/-AG	923	52	5.3%	2	2	27	23	1.1042609957010288E-16	1	1	413	510	47	5	-AG
MN908947.3	5050	T	*/-C	781	43	5.2%	2	1	25	23	6.477633794620282E-14	1	1	447	334	43	0	-C
MN908947.3	5182	T	*/-C	758	48	5.93%	2	1	24	24	1.7273766674714102E-15	1	1	433	325	48	0	-C
MN908947.3	5224	T	*/-A	633	75	9.93%	2	2	24	21	3.341298397640093E-24	1	1	376	257	52	23	-A
MN908947.3	5266	T	*/+A	705	39	5.19%	2	1	25	17	1.0909078697660244E-12	1	1	465	240	0	39	+A
MN908947.3	5302	A	*/-TTG	927	66	6.61%	2	2	25	20	4.4346994833038925E-21	1	1	422	505	64	2	-TTG
MN908947.3	5386	T	K	499	327	38.65%	2	2	22	19	8.285407718138533E-117	1	1	279	220	110	217	G
MN908947.3	5497	C	*/-A	824	155	15.08%	2	2	25	25	2.9026852867738467E-50	1	1	376	448	149	6	-A
MN908947.3	5736	C	Y	664	133	16.69%	2	1	24	19	2.2438022560923485E-43	1	1	523	141	0	133	T
MN908947.3	5842	C	*/-A	921	59	5.81%	2	1	26	24	7.053156537910716E-19	1	1	399	522	59	0	-A
MN908947.3	6078	C	Y	389	37	8.64%	2	1	25	19	3.214352765865947E-12	1	1	282	107	0	37	T
MN908947.3	6139	A	*/-T	467	43	7.95%	2	2	30	23	4.5122069794085627E-14	1	1	203	264	37	6	-T
MN908947.3	6202	T	*/-A	1345	93	6.28%	2	1	28	26	1.064848443833905E-27	1	1	896	449	93	0	-A
MN908947.3	6250	C	Y	487	581	54.35%	2	2	27	30	3.1889268129752016E-221	1	1	377	110	417	164	T
MN908947.3	6312	C	*/+A	585	67	9.82%	2	2	19	20	1.1341672041541825E-21	1	1	450	135	10	57	+A
MN908947.3	6512	A	*/-GTT	1198	927	43.24%	2	2	29	32	0.0	1	1	735	463	595	332	-GTT
MN908947.3	6930	A	*/-T	640	75	10%	2	2	26	20	3.413564435226857E-24	1	1	259	381	66	9	-T
MN908947.3	6961	G	*/-T	665	52	6.91%	2	2	25	24	8.50742560307512E-17	1	1	306	359	44	8	-T
MN908947.3	7063	C	*/-AG	1601	202	11.04%	2	2	25	24	4.306563954436409E-62	1	1	811	790	199	3	-AG
MN908947.3	7203	C	*/+T	999	60	5.52%	2	2	26	24	1.1699455412318366E-17	1	1	685	314	20	40	+T
MN908947.3	7224	C	*/-T	827	84	8.67%	2	2	25	21	6.95517509904563E-27	1	1	446	381	79	5	-T
MN908947.3	7246	G	*/-T	930	71	6.66%	2	2	24	23	4.421307191659516E-21	1	1	555	375	53	18	-T
MN908947.3	7472	G	R	523	64	10.88%	2	1	23	18	8.815211032255184E-21	1	1	147	376	64	0	A
MN908947.3	7504	C	*/-A	591	39	6.07%	2	2	24	16	9.915851263421571E-13	1	1	379	212	1	38	-A
MN908947.3	7564	C	*/+T	668	70	9.28%	2	2	24	26	1.5202003755261522E-22	1	1	349	319	6	64	+T
MN908947.3	7594	C	*/-T	462	58	9.62%	2	2	20	18	6.444173065761537E-19	1	1	280	182	39	19	-T
MN908947.3	7696	T	*/-A	861	68	7.06%	2	2	28	23	9.490506998779692E-22	1	1	358	503	67	1	-A
MN908947.3	7813	T	*/-TC	711	133	15.56%	2	2	24	21	3.2301830846473684E-43	1	1	369	342	42	91	-TC
MN908947.3	8376	C	*/-A	911	98	9.06%	2	2	25	23	1.392967906832029E-29	1	1	474	437	49	49	-A
MN908947.3	8393	G	R	570	451	44.13%	2	2	25	26	4.2212782826260617E-162	1	1	286	284	233	218	A
MN908947.3	8742	G	*/-T	921	75	7.4%	2	2	26	23	6.224185659270668E-24	1	1	395	526	74	1	-T
MN908947.3	8889	G	R	591	38	5.98%	2	1	20	16	2.044890539001552E-12	1	1	96	495	38	0	A
MN908947.3	8905	C	*/-T	898	83	7.88%	2	2	27	23	1.6901660661478794E-26	1	1	442	456	43	40	-T
MN908947.3	8927	G	*/-T	1910	106	5.14%	2	2	25	22	4.630956387341308E-30	1	1	889	1021	76	30	-T
MN908947.3	9026	A	*/-T	832	148	14.51%	2	2	26	24	6.889545207371368E-48	1	1	369	463	128	20	-T
MN908947.3	9111	G	*/-C	911	50	5.14%	2	1	19	19	4.616887099496661E-16	1	1	455	456	50	0	-C
MN908947.3	9233	G	*/-A	1335	72	5.07%	2	2	27	23	3.163672556497885E-21	1	1	581	754	71	1	-A
MN908947.3	9344	C	Y	152	175	53.19%	2	2	23	26	1.6157606715316668E-67	1	1	80	72	78	97	T
MN908947.3	9424	A	R	166	180	51.87%	2	2	24	24	7.398797278326321E-69	1	1	79	87	80	100	G
MN908947.3	9474	C	*/+T	310	19	5.46%	2	2	22	21	1.4597725061769267E-6	1	1	148	162	17	2	+T
MN908947.3	9534	C	Y	630	685	52.09%	2	2	23	25	1.0683565207299935E-257	1	1	334	296	365	320	T
MN908947.3	9627	C	*/-TT	667	92	10.23%	2	2	22	25	1.0713901513844737E-29	1	1	376	291	40	52	-TT
MN908947.3	9786	C	*/+T	900	63	6.38%	2	2	25	22	3.800775397031902E-20	1	1	474	426	33	30	+T
MN908947.3	9811	C	*/-T	1036	285	20.07%	2	2	23	19	8.690331961173841E-92	1	1	322	714	234	51	-T
MN908947.3	9866	C	Y	356	386	51.74%	2	2	21	22	6.179818864176453E-147	1	1	208	148	214	172	T
MN908947.3	10029	C	T	4	845	99.41%	2	2	20	27	0.0	1	1	3	1	453	392	T
MN908947.3	10059	G	*/-T	761	123	13.64%	2	2	26	26	9.799894287639322E-40	1	1	356	405	121	2	-T
MN908947.3	10065	G	*/-A	705	109	12.59%	2	2	24	27	3.1915124987816825E-35	1	1	373	332	20	89	-A
MN908947.3	10198	C	Y	461	233	33.53%	2	2	22	23	4.284134885524042E-81	1	1	217	244	128	105	T
MN908947.3	10206	A	*/-C	609	83	11.91%	2	2	22	24	7.554570783915686E-27	1	1	235	374	82	1	-C
MN908947.3	10386	C	*/-T	1351	238	13.89%	2	2	26	23	1.9843605803850313E-74	1	1	611	740	158	80	-T
MN908947.3	10447	G	R	319	457	58.51%	2	2	22	24	6.84263342326192E-181	1	1	154	165	221	236	A
MN908947.3	10449	C	A	0	759	100%	0	2	0	23	0.0	0	1	0	0	372	387	A
MN908947.3	10527	C	*/-T	656	48	6.39%	2	2	24	22	1.5502812856309142E-15	1	1	397	259	20	28	-T
MN908947.3	10834	C	Y	881	52	5.56%	2	1	21	18	1.0691139140737737E-16	1	1	475	406	0	52	T
MN908947.3	11074	C	*/-T	476	185	19.76%	2	2	25	24	6.059890824620049E-63	1	1	273	203	50	135	-T
MN908947.3	11095	C	*/-T	766	99	10.66%	2	2	25	23	8.052688923963257E-32	1	1	411	355	35	64	-T
MN908947.3	11282	A	*/-GTTTGTCTG	551	346	38.53%	2	2	25	25	5.9564286536884294E-123	1	1	289	262	162	184	-GTTTGTCTG
MN908947.3	11287	G	-TCTGGTTTT/-TCTGGTTTT	0	423	98.14%	0	2	0	14	7.771361757777015E-254	0	1	0	0	209	214	-TCTGGTTTT
MN908947.3	11291	G	R	3	4	57.14%	2	2	16	17	0.03496503496503526	1	1	1	2	1	3	A
MN908947.3	11292	G	*/-TTTTAA	11	1	8.33%	2	1	18	23	0.49999999999999906	1	1	4	7	0	1	-TTTTAA
MN908947.3	11293	T	*/-TTTAAGC	12	1	7.69%	2	1	19	14	0.49999999999999906	1	1	5	7	0	1	-TTTAAGC
MN908947.3	11537	A	R	536	423	44.06%	2	2	24	22	2.4483784709964834E-154	1	1	338	198	283	140	G
MN908947.3	11562	G	*/-C	955	54	5.27%	2	2	23	25	7.700353061430123E-16	1	1	680	275	53	1	-C
MN908947.3	11669	C	Y	750	67	8.17%	2	2	18	18	1.6528090380819225E-21	1	1	469	281	1	66	T
MN908947.3	11751	T	*/-C	776	43	5.14%	2	2	22	21	6.454831187056349E-14	1	1	413	363	41	2	-C
MN908947.3	11990	G	*/-A	812	187	17%	2	2	27	23	3.3933092471289126E-61	1	1	448	364	65	122	-A
MN908947.3	12014	G	*/-T	954	78	7.28%	2	2	28	23	3.029346665607762E-23	1	1	406	548	76	2	-T
MN908947.3	12113	T	*/-C	781	43	5.18%	2	2	22	19	6.477633794620282E-14	1	1	418	363	31	12	-C
MN908947.3	12196	T	*/-A	1346	291	16.6%	2	2	26	27	2.8470496734367857E-92	1	1	664	682	226	65	-A
MN908947.3	12436	T	*/-C	554	45	7.41%	2	2	24	25	1.2045401466682639E-14	1	1	332	222	43	2	-C
MN908947.3	12558	T	*/-C	963	69	6.68%	2	1	24	20	1.91796099802571E-20	1	1	467	496	69	0	-C
MN908947.3	12789	C	*/-A	692	38	5.11%	2	1	27	26	2.219253142945968E-12	1	1	328	364	38	0	-A
MN908947.3	12852	T	*/-C	606	42	6.37%	2	2	24	23	1.144502795277841E-13	1	1	318	288	37	5	-C
MN908947.3	12880	C	Y	335	405	54.36%	2	2	26	31	1.662797820749585E-156	1	1	174	161	196	209	T
MN908947.3	13105	C	*/-A	903	53	5.28%	2	1	26	22	5.2908989486558247E-17	1	1	435	468	53	0	-A
MN908947.3	13123	T	*/-G	936	100	9.51%	2	2	24	22	3.430166490444438E-30	1	1	542	394	15	85	-G
MN908947.3	13162	T	*/-AC	1000	60	5.55%	2	2	26	25	1.1708916022244442E-17	1	1	541	459	55	5	-AC
MN908947.3	13195	T	Y	514	509	49.56%	2	2	25	26	1.2332682759638497E-188	1	1	290	224	275	234	C
MN908947.3	13273	T	*/-C	1016	79	7.21%	2	2	25	23	1.6136392837730008E-23	1	1	515	501	78	1	-C
MN908947.3	13279	T	*/-C	967	68	6.51%	2	1	25	24	3.926353312640817E-20	1	1	527	440	68	0	-C
MN908947.3	13299	T	*/+A	908	70	6.5%	2	2	27	23	2.3540361221874786E-22	1	1	488	420	46	24	+A
MN908947.3	13476	C	Y	621	33	5%	2	1	24	16	7.695063525359615E-11	1	1	548	73	0	33	T
MN908947.3	13571	G	*/-T	936	56	5.54%	2	2	26	23	6.244064079341585E-18	1	1	463	473	54	2	-T
MN908947.3	13583	T	*/-C	824	82	9.01%	2	2	26	25	3.032341819770376E-26	1	1	475	349	73	9	-C
MN908947.3	13586	T	*/-A	629	129	16.19%	2	2	21	24	3.79537389511667E-42	1	1	350	279	13	116	-A
MN908947.3	14000	T	*/-A	939	56	5.57%	2	2	31	24	6.2595546832070404E-18	1	1	402	537	24	32	-A
MN908947.3	14351	A	R	596	486	44.88%	2	2	26	24	1.8323821153054383E-175	1	1	327	269	260	226	G
MN908947.3	14408	C	T	4	982	99.39%	2	2	15	25	0.0	1	1	1	3	536	446	T
MN908947.3	14432	G	*/-A	835	108	10.83%	2	2	24	27	1.1938837405759963E-34	1	1	448	387	17	91	-A
MN908947.3	15240	C	Y	458	336	42.21%	2	2	26	27	1.2558734756636933E-121	1	1	233	225	158	178	T
MN908947.3	15266	T	*/-A	708	66	8.43%	2	1	26	23	3.1874520195932804E-21	1	1	325	383	66	0	-A
MN908947.3	15272	A	*/-C	566	39	6.43%	2	2	24	16	9.662283310177517E-13	1	1	380	186	11	28	-C
MN908947.3	15714	C	Y	408	517	55.89%	2	2	23	24	5.877273084501142E-201	1	1	244	164	271	246	T
MN908947.3	15950	T	*/-C	887	49	5.19%	2	1	23	24	9.319975606745134E-16	1	1	458	429	49	0	-C
MN908947.3	15960	C	Y	484	446	47.85%	2	2	18	22	5.592849785167438E-166	1	1	250	234	225	221	T
MN908947.3	16392	T	*/-C	981	64	6.11%	2	1	24	24	6.816837256406689E-19	1	1	646	335	64	0	-C
MN908947.3	16630	C	*/-T	653	106	12.94%	2	2	28	24	2.388816977320356E-34	1	1	315	338	38	68	-T
MN908947.3	16825	G	R	645	37	5.42%	2	1	22	16	4.405339690327584E-12	1	1	163	482	37	0	A
MN908947.3	16837	G	*/-A	866	95	9.42%	2	2	24	25	2.1907685014812116E-30	1	1	468	398	48	47	-A
MN908947.3	17044	C	*/-A	826	97	9.77%	2	2	27	24	4.402526865982273E-31	1	1	465	361	56	41	-A
MN908947.3	17075	T	*/-C	836	76	8.3%	2	2	23	22	2.5918741640922737E-24	1	1	403	433	75	1	-C
MN908947.3	17410	C	Y	875	1113	55.82%	2	2	23	26	0.0	1	1	437	438	553	560	T
MN908947.3	17567	G	R	868	49	5.34%	2	2	21	18	9.192883433196763E-16	1	1	337	531	48	1	A
MN908947.3	17874	C	*/-A	945	57	5.65%	2	1	24	26	9.27396711563533E-17	1	1	472	473	57	0	-A
MN908947.3	18163	A	G	13	909	97.32%	1	2	16	19	0.0	1	1	13	0	370	539	G
MN908947.3	18215	G	*/-T	1004	74	6.7%	2	1	26	22	5.68778428504747E-22	1	1	458	546	74	0	-T
MN908947.3	18314	A	*/-G	1441	84	5.14%	2	2	22	18	7.053144502874838E-25	1	1	573	868	71	13	-G
MN908947.3	18368	G	*/-T	621	34	5.02%	2	2	25	19	3.750535163620671E-11	1	1	261	360	32	2	-T
MN908947.3	18434	A	*/-T	659	77	10.29%	2	2	28	25	8.121410047244484E-25	1	1	264	395	64	13	-T
MN908947.3	18501	C	*/-A	696	37	5.01%	2	1	27	24	4.5659550234255954E-12	1	1	320	376	37	0	-A
MN908947.3	18561	T	*/-A	664	45	6.18%	2	2	26	23	1.3821715123924777E-14	1	1	331	333	16	29	-A
MN908947.3	19368	A	*/-T	464	37	6.9%	2	2	27	23	3.649584114434719E-12	1	1	198	266	27	10	-T
MN908947.3	19484	C	Y	286	29	9.21%	2	1	20	17	9.481582545588265E-10	1	1	195	91	0	29	T
MN908947.3	19884	C	*/-A	1738	119	6.24%	2	2	26	24	1.3331846622734677E-35	1	1	909	829	107	12	-A
MN908947.3	19955	C	Y	474	526	52.6%	2	2	23	25	4.323942145171062E-198	1	1	254	220	290	236	T
MN908947.3	19983	C	*/-T	898	58	5.68%	2	2	32	22	1.4226296568797374E-18	1	1	464	434	31	27	-T
MN908947.3	20055	A	R	471	517	52.22%	2	2	25	23	6.362963127843666E-197	1	1	253	218	280	237	G
MN908947.3	20207	A	*/-G	1298	150	10.34%	2	1	22	21	9.575881450178237E-46	1	1	514	784	150	0	-G
MN908947.3	20486	A	*/-GT	581	50	7.87%	2	2	25	21	3.23300664731233E-16	1	1	295	286	17	33	-GT
MN908947.3	21093	T	*/+A	462	29	5.64%	2	2	25	24	1.2166906943130875E-9	1	1	220	242	28	1	+A
MN908947.3	21095	A	*/-AG	472	25	5.02%	2	1	22	22	2.186999532600944E-8	1	1	191	281	25	0	-AG
MN908947.3	21101	G	*/-T	308	56	13.97%	2	2	22	20	1.40175032060052E-18	1	1	80	228	34	22	-T
MN908947.3	21133	C	*/+A	1298	78	5.41%	2	2	26	23	4.427859493300028E-23	1	1	604	694	46	32	+A
MN908947.3	21270	A	*/-T	879	61	6.26%	2	2	27	22	1.5859484341891917E-19	1	1	405	474	39	22	-T
MN908947.3	21443	T	*/-A	671	79	9.77%	2	1	26	25	1.8916862316897605E-25	1	1	304	367	79	0	-A
MN908947.3	21569	G	*/-T	678	107	12.59%	2	2	27	24	1.2747636478973758E-34	1	1	266	412	101	6	-T
MN908947.3	21618	C	Y	349	467	56.81%	2	2	24	25	5.184314795147239E-183	1	1	185	164	236	231	T
MN908947.3	21632	T	*/-TACCCCCTG	345	444	55.5%	2	2	22	17	4.702830288846187E-173	1	1	182	163	223	221	-TACCCCCTG
MN908947.3	21634	A	*/-C	283	42	12.65%	2	2	22	21	5.5176778231207234E-14	1	1	147	136	22	20	-C
MN908947.3	21762	C	Y	522	187	26.26%	2	2	24	14	3.553942220539583E-63	1	1	357	165	94	93	T
MN908947.3	21764	A	*/-TACATG	540	70	11.44%	2	2	24	13	1.0368673349298978E-22	1	1	354	186	44	26	-TACATG
MN908947.3	21846	C	Y	503	486	48.99%	2	2	22	23	5.935808043991361E-182	1	1	327	176	315	171	T
MN908947.3	21875	A	*/-T	832	175	16.4%	2	2	24	23	5.0793393652329864E-55	1	1	576	256	88	87	-T
MN908947.3	21908	T	*/-C	887	78	8.02%	2	1	22	21	6.537936239742596E-25	1	1	563	324	78	0	-C
MN908947.3	21986	G	*/-GTGTTTATT	928	750	44.22%	2	2	25	15	2.790530322506617E-271	1	1	529	399	510	240	-GTGTTTATT
MN908947.3	21987	G	A	74	836	90.18%	2	2	24	26	0.0	1	1	30	44	491	345	A
MN908947.3	22009	C	*/-A	1567	142	7.64%	2	2	26	24	6.337192642571612E-43	1	1	940	627	135	7	-A
MN908947.3	22120	C	*/-A	615	143	17.83%	2	2	25	25	5.452481816808581E-47	1	1	388	227	33	110	-A
MN908947.3	22193	A	*/-ATT	556	183	24.7%	2	2	25	18	2.042971215088493E-61	1	1	295	261	89	94	-ATT
MN908947.3	22200	T	G	119	443	78.41%	2	2	22	21	7.9732728086941215E-202	1	1	72	47	242	201	G
MN908947.3	22204	T	*/+GAGCCAGAA	516	93	14.9%	2	2	21	20	2.247004487203347E-30	1	1	278	238	48	45	+GAGCCAGAA
MN908947.3	22209	T	*/-C	701	50	6.54%	2	2	23	20	3.8208226742661407E-16	1	1	545	156	36	14	-C
MN908947.3	22218	G	*/-T	709	163	18.03%	2	2	25	21	1.9954402868815464E-53	1	1	282	427	155	8	-T
MN908947.3	22312	T	*/-C	1812	119	6.11%	2	2	24	24	1.4384477497208708E-35	1	1	1092	720	110	9	-C
MN908947.3	22487	G	*/-A	909	81	7.89%	2	2	28	24	7.50874205809691E-26	1	1	430	479	48	33	-A
MN908947.3	22578	G	A	1	1768	99.83%	1	2	16	27	0.0	1	1	1	0	954	814	A
MN908947.3	22583	G	*/-T	1564	97	5.65%	2	2	24	21	7.591242995084173E-29	1	1	830	734	53	44	-T
MN908947.3	22599	G	R	1038	697	40.1%	2	2	26	28	2.703218463997103E-246	1	1	517	521	315	382	A
MN908947.3	22673	T	Y	406	249	37.56%	2	2	25	24	1.964079878072202E-88	1	1	213	193	132	117	C
MN908947.3	22674	C	T	1	658	99.55%	1	2	14	25	0.0	1	1	1	0	340	318	T
MN908947.3	22679	T	C	2	673	99.56%	1	2	16	22	0.0	1	1	2	0	302	371	C
MN908947.3	22681	A	*/+T	675	52	7.07%	2	2	28	23	8.624665691801066E-17	1	1	294	381	43	9	+T
MN908947.3	22686	C	T	1	639	98.76%	1	2	25	25	0.0	1	1	1	0	295	344	T
MN908947.3	22688	A	R	270	392	59.21%	2	2	25	22	1.4933235846017854E-155	1	1	143	127	176	216	G
MN908947.3	22775	G	R	246	324	56.74%	2	2	24	23	7.178966280157963E-127	1	1	97	149	139	185	A
MN908947.3	22786	A	M	275	360	56.69%	2	2	24	23	8.933922276298532E-141	1	1	125	150	164	196	C
MN908947.3	22813	G	T	0	746	99.87%	0	2	0	28	0.0	0	1	0	0	382	364	T
MN908947.3	22882	T	G	0	791	99.62%	0	2	0	23	0.0	0	1	0	0	406	385	G
MN908947.3	22898	G	R	398	334	45.44%	2	2	23	22	5.9047561576149947E-123	1	1	158	240	166	168	A
MN908947.3	22954	T	*/-GA	672	69	9.1%	2	2	26	26	3.2199204126131863E-22	1	1	353	319	52	17	-GA
MN908947.3	22992	G	A	1	774	99.87%	1	2	24	23	0.0	1	1	1	0	374	400	A
MN908947.3	22995	C	A	0	792	100%	0	2	0	24	0.0	0	1	0	0	381	411	A
MN908947.3	23013	A	C	2	836	99.52%	2	2	19	24	0.0	1	1	1	1	398	438	C
MN908947.3	23040	A	G	1	849	99.65%	1	2	13	23	0.0	1	1	1	0	406	443	G
MN908947.3	23048	G	R	516	300	36.67%	2	2	25	25	8.864422454869978E-106	1	1	257	259	161	139	A
MN908947.3	23055	A	G	12	769	98.21%	2	2	18	20	0.0	1	1	11	1	392	377	G
MN908947.3	23063	A	T	2	819	99.51%	1	2	17	24	0.0	1	1	2	0	418	401	T
MN908947.3	23075	T	C	1	875	99.89%	1	2	16	25	0.0	1	1	0	1	431	444	C
MN908947.3	23143	T	*/-A	656	100	11.93%	2	2	23	23	2.3647602570127595E-32	1	1	323	333	29	71	-A
MN908947.3	23164	T	*/-A	1678	163	8.71%	2	2	26	28	1.7306565565231777E-49	1	1	937	741	8	155	-A
MN908947.3	23202	C	M	545	379	40.84%	2	2	26	26	3.157667115831769E-136	1	1	272	273	178	201	A
MN908947.3	23230	C	*/-A	687	182	19.74%	2	2	26	23	4.039544938069111E-60	1	1	398	289	62	120	-A
MN908947.3	23403	A	G	0	828	100%	0	2	0	23	0.0	0	1	0	0	396	432	G
MN908947.3	23486	G	*/-T	1880	181	8.6%	2	2	27	24	2.4028037082594043E-53	1	1	863	1017	156	25	-T
MN908947.3	23525	C	T	0	1048	100%	0	2	0	26	0.0	0	1	0	0	513	535	T
MN908947.3	23561	G	R	757	67	8%	2	1	23	17	1.6735948442577201E-21	1	1	245	512	67	0	A
MN908947.3	23599	T	G	0	1009	99.7%	0	2	0	24	0.0	0	1	0	0	468	541	G
MN908947.3	23604	C	A	0	1033	99.71%	0	2	0	22	0.0	0	1	0	0	511	522	A
MN908947.3	23854	C	A	0	1023	100%	0	2	0	26	0.0	0	1	0	0	547	476	A
MN908947.3	23887	C	*/-A	1004	56	5.12%	2	2	26	24	1.9586217088744613E-16	1	1	539	465	11	45	-A
MN908947.3	23948	G	T	1	1121	99.82%	1	2	30	31	0.0	1	1	1	0	571	550	T
MN908947.3	23958	G	*/-T	1022	55	5.01%	2	2	26	24	3.9978198657342503E-16	1	1	496	526	51	4	-T
MN908947.3	23964	A	*/-T	930	69	6.51%	2	2	26	23	5.020864456505758E-22	1	1	456	474	49	20	-T
MN908947.3	24119	C	*/-A	1806	140	6.88%	2	2	26	23	3.94812315635023E-42	1	1	887	919	131	9	-A
MN908947.3	24130	C	M	1182	862	41.97%	2	2	22	24	1.3395022023058393E-305	1	1	600	582	425	437	A
MN908947.3	24289	T	*/-G	776	73	8.54%	2	2	23	17	2.1010629154591054E-23	1	1	484	292	12	61	-G
MN908947.3	24320	C	*/-A	876	75	7.35%	2	2	25	24	5.795693299811446E-24	1	1	451	425	35	40	-A
MN908947.3	24424	A	T	3	1772	99.38%	2	2	16	25	0.0	1	1	2	1	919	853	T
MN908947.3	24464	T	*/-C	684	47	6.41%	2	1	23	19	3.3102835843261976E-15	1	1	297	387	47	0	-C
MN908947.3	24469	T	A	4	717	99.45%	1	2	15	24	0.0	1	1	4	0	344	373	A
MN908947.3	24503	C	Y	437	344	43.49%	2	2	24	26	1.3512524613669522E-125	1	1	236	201	206	138	T
MN908947.3	24672	C	*/-A	616	159	18.47%	2	2	26	26	1.6119635992326688E-52	1	1	354	262	57	102	-A
MN908947.3	24684	A	*/-T	716	102	12.03%	2	2	26	24	6.855493183576865E-33	1	1	345	371	86	16	-T
MN908947.3	24717	T	*/-C	539	31	5.37%	2	2	22	20	3.0621825818207503E-10	1	1	402	137	24	7	-C
MN908947.3	24793	T	Y	532	419	43.92%	2	2	23	19	7.597844462173878E-153	1	1	280	252	249	170	C
MN908947.3	24885	A	*/-T	813	90	9.5%	2	2	23	23	7.825808617927858E-29	1	1	401	412	41	49	-T
MN908947.3	24981	C	*/-T	780	57	6.59%	2	2	22	19	2.586314420464285E-18	1	1	445	335	50	7	-T
MN908947.3	25000	C	T	1	1049	99.81%	1	2	26	27	0.0	1	1	1	0	546	503	T
MN908947.3	25100	C	*/-A	657	70	9%	2	2	28	27	1.479233909095259E-22	1	1	360	297	44	26	-A
MN908947.3	25416	C	*/-A	659	37	5.3%	2	1	26	24	4.45124800846224E-12	1	1	271	388	37	0	-A
MN908947.3	25514	T	*/-C	495	35	6.52%	2	2	22	23	1.629006942564139E-11	1	1	276	219	27	8	-C
MN908947.3	25555	G	*/-T	553	66	10.19%	2	2	28	22	2.1731905859483036E-21	1	1	133	420	61	5	-T
MN908947.3	25584	C	T	1	652	99.85%	1	2	13	25	0.0	1	1	0	1	321	331	T
MN908947.3	25587	C	*/-A	518	131	17.06%	2	2	25	25	2.4602284661775387E-43	1	1	269	249	26	105	-A
MN908947.3	25672	C	*/-T	788	64	7.22%	2	2	22	18	1.5857884855523933E-20	1	1	404	384	36	28	-T
MN908947.3	25699	G	*/-C	686	41	5.38%	2	2	20	18	2.545614871290828E-13	1	1	270	416	22	19	-C
MN908947.3	25776	G	K	474	452	48.76%	2	2	23	24	5.696646201857758E-169	1	1	217	257	214	238	T
MN908947.3	25797	C	*/-A	677	161	18.27%	2	2	20	21	6.858651144347838E-53	1	1	342	335	33	128	-A
MN908947.3	25963	G	*/-A	1857	153	7.3%	2	2	25	25	1.4122145473092107E-44	1	1	1061	796	22	131	-A
MN908947.3	26030	A	R	567	413	41.93%	2	2	25	23	3.213600455104961E-149	1	1	322	245	228	185	G
MN908947.3	26060	C	Y	433	544	55.51%	2	2	24	25	3.6804477739238365E-211	1	1	258	175	318	226	T
MN908947.3	26270	C	T	2	1566	99.81%	2	2	15	21	0.0	1	1	1	1	778	788	T
MN908947.3	26299	C	*/-T	497	131	18.88%	2	2	23	22	1.8706949171906656E-43	1	1	288	209	60	71	-T
MN908947.3	26408	C	*/-T	589	129	16.52%	2	2	24	25	2.632789851273064E-42	1	1	355	234	25	104	-T
MN908947.3	26430	T	*/-A	727	83	9.95%	2	2	30	27	1.1293023218414164E-26	1	1	387	340	22	61	-A
MN908947.3	26438	T	*/-G	690	58	7.69%	2	1	25	23	1.0991921528050902E-18	1	1	324	366	58	0	-G
MN908947.3	26493	G	*/-T	737	44	5.48%	2	2	28	26	3.048491854225365E-14	1	1	343	394	38	6	-T
MN908947.3	26530	A	R	342	322	48.42%	2	2	24	23	2.3600963647806666E-120	1	1	149	193	123	199	G
MN908947.3	26561	T	*/-A	1032	294	20.46%	2	2	22	24	5.840501670474648E-95	1	1	503	529	86	208	-A
MN908947.3	26577	C	G	0	877	100%	0	2	0	25	0.0	0	1	0	0	424	453	G
MN908947.3	26709	G	A	1	747	99.87%	1	2	14	23	0.0	1	1	1	0	337	410	A
MN908947.3	26745	T	*/-G	658	74	10.08%	2	1	25	18	7.582013959095155E-24	1	1	456	202	0	74	-G
MN908947.3	26858	C	Y	443	477	51.62%	2	2	27	28	2.981969514385923E-181	1	1	223	220	241	236	T
MN908947.3	27259	A	C	1	954	99.27%	1	2	17	20	0.0	1	1	0	1	522	432	C
MN908947.3	27382	G	S	499	478	48.93%	2	2	26	23	9.218059905293075E-179	1	1	223	276	262	216	C
MN908947.3	27383	A	W	519	524	50.19%	2	2	29	26	9.39055843042845E-195	1	1	237	282	293	231	T
MN908947.3	27384	T	Y	527	523	49.71%	2	2	29	26	6.385618532163556E-194	1	1	241	286	293	230	C
MN908947.3	27485	T	*/-A	1630	118	6.28%	2	2	28	27	2.419599314900704E-35	1	1	788	842	110	8	-A
MN908947.3	27687	T	*/-C	703	86	10.83%	2	1	23	20	1.1150373185605357E-27	1	1	322	381	86	0	-C
MN908947.3	27691	A	*/-T	592	68	9.87%	2	2	24	20	5.4916030866318365E-22	1	1	199	393	37	31	-T
MN908947.3	27741	C	*/-A	688	86	10.42%	2	2	25	22	1.0603186748537407E-27	1	1	280	408	83	3	-A
MN908947.3	27791	C	*/-T	771	86	9.5%	2	2	27	24	1.3684945916274381E-27	1	1	403	368	29	57	-T
MN908947.3	27807	C	T	0	921	100%	0	2	0	28	0.0	0	1	0	0	475	446	T
MN908947.3	28122	G	R	1483	88	5.58%	2	2	22	17	4.2686747298779946E-26	1	1	550	933	87	1	A
MN908947.3	28214	C	*/-T	652	112	13.49%	2	2	27	24	2.381560246760645E-36	1	1	295	357	69	43	-T
MN908947.3	28271	A	T	1	771	99.87%	1	2	15	27	0.0	1	1	0	1	389	382	T
MN908947.3	28311	C	T	9	684	98.7%	2	2	21	24	0.0	1	1	8	1	353	331	T
MN908947.3	28360	T	*/-GGAGAACGC	395	396	49.44%	2	2	26	27	4.071246477062814E-149	1	1	206	189	212	184	-GGAGAACGC
MN908947.3	28361	G	-GAGAACGCA/-GAGAACGCA	13	381	96.46%	2	2	23	18	2.4053317380320097E-212	1	1	8	5	202	179	-GAGAACGCA
MN908947.3	28363	A	W	2	3	60%	1	1	16	17	0.08333333333333293	1	1	0	2	3	0	T
MN908947.3	28364	G	*/-AACGCA	5	1	14.29%	1	1	19	17	0.49999999999999906	1	1	0	5	1	0	-AACGCA
MN908947.3	28366	A	-CG/-CG	0	6	100%	0	2	0	22	0.0010822510822510842	0	1	0	0	1	5	-CG
MN908947.3	28368	G	-CA/-CA	0	1	100%	0	1	0	24	0.5	0	1	0	0	1	0	-CA
MN908947.3	28470	T	*/-C	514	34	6.14%	2	2	25	22	3.4326910097089736E-11	1	1	370	144	19	15	-C
MN908947.3	28680	A	*/-G	498	87	14.22%	2	2	22	21	2.0384754344171704E-28	1	1	224	274	81	6	-G
MN908947.3	28698	C	*/-A	573	47	7.3%	2	2	26	21	2.8716603648294307E-15	1	1	282	291	39	8	-A
MN908947.3	28776	C	*/-A	661	80	10.31%	2	2	27	26	8.680774305390749E-26	1	1	306	355	79	1	-A
MN908947.3	28881	G	A	1	758	99.87%	1	2	14	25	0.0	1	1	1	0	379	379	A
MN908947.3	28882	G	A	1	760	99.48%	1	2	14	26	0.0	1	1	1	0	383	377	A
MN908947.3	28883	G	C	1	755	99.87%	1	2	15	24	0.0	1	1	0	1	382	373	C
MN908947.3	29051	C	*/-A	589	57	7.87%	2	2	22	21	1.9058103587862507E-18	1	1	293	296	14	43	-A
MN908947.3	29131	T	*/+G	682	70	8.96%	2	2	26	20	1.572075921656111E-22	1	1	425	257	5	65	+G
MN908947.3	29195	G	*/-C	499	31	5.56%	2	2	20	20	2.964020993934457E-10	1	1	195	304	13	18	-C
MN908947.3	29377	T	*/-A	684	87	10.94%	2	2	25	23	4.937269076834519E-28	1	1	355	329	41	46	-A
MN908947.3	29386	C	*/-A	639	132	15.9%	2	2	24	23	3.9633125245813916E-43	1	1	309	330	86	46	-A
MN908947.3	29510	A	M	379	368	49.13%	2	2	24	21	5.0647677038382864E-138	1	1	181	198	208	160	C
MN908947.3	29700	A	*/-G	867	52	5.57%	2	2	23	20	1.0569336301269656E-16	1	1	576	291	45	7	-G
MN908947.3	29776	A	*/-G	753	111	12.53%	2	2	23	22	8.814889802239405E-36	1	1	510	243	93	18	-G
MN908947.3	29800	G	*/-C	891	148	14.12%	2	1	22	22	8.030533958380834E-46	1	1	498	393	148	0	-C
