Chrom	Position	Ref	Cons	Reads1	Reads2	VarFreq	Strands1	Strands2	Qual1	Qual2	Pvalue	MapQual1	MapQual2	Reads1Plus	Reads1Minus	Reads2Plus	Reads2Minus	VarAllele
MN908947.3	78	T	*/+A	110	8	6.61%	2	1	28	19	0.00345567640819626	1	1	40	70	0	8	+A
MN908947.3	240	T	*/-C	90	5	5.26%	2	2	26	24	0.029609823727469314	1	1	25	65	4	1	-C
MN908947.3	241	C	T	0	83	98.81%	0	2	0	25	1.7289751697792364E-49	0	1	0	0	22	61	T
MN908947.3	434	G	*/-A	669	51	7%	2	2	28	26	1.7736809978446494E-16	1	1	342	327	21	30	-A
MN908947.3	514	T	*/-GTTATG	375	344	47.71%	2	2	26	19	4.3247268828294125E-128	1	1	183	192	182	162	-GTTATG
MN908947.3	626	G	*/-TTC	591	34	5.42%	2	2	26	19	3.6700842132724465E-11	1	1	240	351	17	17	-TTC
MN908947.3	670	T	K	637	633	49.84%	2	2	25	22	4.55503183732949E-235	1	1	289	348	267	366	G
MN908947.3	911	T	*/-C	773	75	8.84%	2	1	24	26	4.778004119753098E-24	1	1	331	442	75	0	-C
MN908947.3	941	A	*/-G	613	51	7.36%	2	2	22	18	1.6364877198880473E-16	1	1	239	374	50	1	-G
MN908947.3	1026	C	*/+T	512	28	5%	2	2	24	23	2.6011641836074428E-9	1	1	288	224	13	15	+T
MN908947.3	1066	T	*/-G	540	54	8.85%	2	2	25	23	1.571738903386908E-17	1	1	266	274	32	22	-G
MN908947.3	1075	T	*/-C	588	35	5.61%	2	1	26	24	1.7808516369221412E-11	1	1	269	319	35	0	-C
MN908947.3	1090	T	*/-C	461	39	7.71%	2	2	26	27	8.414778554249165E-13	1	1	251	210	35	4	-C
MN908947.3	1135	G	*/-A	430	93	16.61%	2	2	22	25	1.1288215759804341E-30	1	1	213	217	21	72	-A
MN908947.3	1140	A	*/-G	442	25	5.34%	2	1	25	18	2.142792479187731E-8	1	1	235	207	25	0	-G
MN908947.3	1377	C	Y	306	434	58.65%	2	2	24	26	1.4449414354684445E-171	1	1	131	175	196	238	T
MN908947.3	1592	T	*/-C	627	79	11.17%	2	1	22	23	1.6391912015536475E-25	1	1	283	344	79	0	-C
MN908947.3	1628	C	*/-A	470	63	10.54%	2	2	24	21	1.5464802260618644E-20	1	1	227	243	33	30	-A
MN908947.3	1632	A	*/-AG	471	26	5.23%	2	2	27	17	1.0652876980291034E-8	1	1	175	296	23	3	-AG
MN908947.3	1701	C	*/-T	627	71	9.9%	2	2	28	24	6.490622657488628E-23	1	1	339	288	43	28	-T
MN908947.3	1800	C	*/-A	641	62	8.53%	2	2	28	25	5.310124119256904E-20	1	1	298	343	59	3	-A
MN908947.3	1813	T	*/-A	599	50	6.93%	2	2	27	23	3.3286539799662163E-16	1	1	313	286	13	37	-A
MN908947.3	1910	T	*/-C	1290	119	7.98%	2	2	24	24	7.042422635559608E-36	1	1	825	465	93	26	-C
MN908947.3	2129	G	*/-A	915	85	8.3%	2	2	26	27	1.818445528429996E-25	1	1	473	442	14	71	-A
MN908947.3	2160	A	*/-AG	987	86	7.85%	2	2	29	24	1.0038045427459769E-25	1	1	429	558	85	1	-AG
MN908947.3	2403	C	*/-A	723	47	5.85%	2	2	23	23	3.4450515586395387E-15	1	1	333	390	46	1	-A
MN908947.3	2406	A	*/-G	589	33	5.26%	2	2	20	17	7.528557853880442E-11	1	1	263	326	8	25	-G
MN908947.3	2434	C	*/-AG	798	62	7.13%	2	2	25	25	6.931861720949979E-20	1	1	343	455	60	2	-AG
MN908947.3	2445	C	M	372	389	50.92%	2	2	22	24	2.4571063636628072E-147	1	1	187	185	196	193	A
MN908947.3	2470	C	Y	494	375	43.15%	2	2	23	25	3.0779680444345116E-136	1	1	252	242	184	191	T
MN908947.3	2472	C	*/-A	761	69	8.07%	2	2	26	20	3.877459734014728E-22	1	1	324	437	66	3	-A
MN908947.3	2493	A	*/-G	635	102	13.71%	2	2	22	21	4.608315579176404E-33	1	1	291	344	91	11	-G
MN908947.3	2790	C	Y	336	497	58.54%	2	2	27	33	1.355423424450719E-197	1	1	161	175	229	268	T
MN908947.3	2832	A	R	332	259	43.75%	2	2	21	21	1.285724180594906E-94	1	1	198	134	159	100	G
MN908947.3	2904	T	*/-A	848	54	5.91%	2	2	26	23	2.4507420983910732E-17	1	1	418	430	18	36	-A
MN908947.3	3036	T	*/-C	874	57	6.12%	2	2	26	21	2.8663300142266106E-18	1	1	439	435	15	42	-C
MN908947.3	3037	C	T	0	817	100%	0	2	0	25	0.0	0	1	0	0	428	389	T
MN908947.3	3043	T	*/-C	902	56	5.84%	2	1	24	21	6.064380210268867E-18	1	1	386	516	56	0	-C
MN908947.3	3412	T	*/+A	513	33	5.58%	2	2	24	22	7.072066538364893E-11	1	1	246	267	4	29	+A
MN908947.3	3634	C	*/-A	812	49	5.59%	2	2	28	27	8.796311254738706E-16	1	1	391	421	47	2	-A
MN908947.3	3802	T	*/-A	1565	189	10.52%	2	2	29	26	6.074939096823844E-58	1	1	827	738	34	155	-A
MN908947.3	3832	C	*/-T	628	138	17.16%	2	2	27	23	3.229148257884846E-45	1	1	269	359	56	82	-T
MN908947.3	4174	T	*/-A	794	70	7.79%	2	2	24	21	1.9738935704034703E-22	1	1	480	314	44	26	-A
MN908947.3	4184	G	R	417	524	55.57%	2	2	23	23	1.998440059202503E-203	1	1	222	195	286	238	A
MN908947.3	4215	T	*/-GA	814	68	7.58%	2	1	25	25	8.844049702868858E-22	1	1	413	401	68	0	-GA
MN908947.3	4250	T	*/-AC	792	45	5.33%	2	1	23	23	1.5479699718350616E-14	1	1	446	346	45	0	-AC
MN908947.3	4303	T	*/-A	726	108	12.11%	2	2	24	24	7.57603274340945E-35	1	1	385	341	78	30	-A
MN908947.3	4321	C	Y	372	425	52.08%	2	2	23	24	6.716945653363343E-163	1	1	195	177	257	168	T
MN908947.3	5050	T	*/-C	738	40	5.14%	2	1	25	23	5.437495900568245E-13	1	1	393	345	40	0	-C
MN908947.3	5224	T	*/-A	611	66	9.19%	2	2	25	23	2.5628737404047966E-21	1	1	345	266	46	20	-A
MN908947.3	5302	A	*/-TTG	786	49	5.82%	2	1	25	21	8.600214524262442E-16	1	1	313	473	49	0	-TTG
MN908947.3	5386	T	K	453	238	33.47%	2	2	23	19	3.756025812094389E-83	1	1	223	230	67	171	G
MN908947.3	5497	C	*/-A	733	128	14.16%	2	2	25	24	1.7863623950520766E-41	1	1	297	436	118	10	-A
MN908947.3	5515	G	*/-GT	781	49	5.74%	2	2	21	21	8.561578946957119E-16	1	1	403	378	3	46	-GT
MN908947.3	5736	C	Y	669	144	17.58%	2	2	24	20	4.273336783246082E-47	1	1	549	120	2	142	T
MN908947.3	5842	C	*/-A	928	54	5.36%	2	1	26	23	2.6244789591902002E-17	1	1	416	512	54	0	-A
MN908947.3	6078	C	Y	467	64	12.03%	2	1	24	17	7.188455165787375E-21	1	1	313	154	0	64	T
MN908947.3	6139	A	*/-T	616	48	6.89%	2	2	30	24	1.4719732564801621E-15	1	1	267	349	41	7	-T
MN908947.3	6198	C	*/+T	1366	78	5.21%	2	2	23	21	4.6689408484249936E-23	1	1	912	454	40	38	+T
MN908947.3	6202	T	*/-A	1438	90	5.78%	2	1	28	26	9.916144271476605E-27	1	1	849	589	90	0	-A
MN908947.3	6312	C	*/+A	585	61	9.06%	2	2	20	22	9.807360051638948E-20	1	1	405	180	4	57	+A
MN908947.3	6512	A	*/-GTT	1055	753	41.28%	2	2	29	31	3.575179700159321E-268	1	1	619	436	426	327	-GTT
MN908947.3	6696	C	*/+T	528	34	5.7%	2	2	22	24	3.479568004512373E-11	1	1	256	272	15	19	+T
MN908947.3	6925	A	*/-C	577	33	5.37%	2	1	23	22	7.46251175415718E-11	1	1	286	291	33	0	-C
MN908947.3	6930	A	*/-T	586	54	8.14%	2	2	25	22	1.7278781830270823E-17	1	1	256	330	50	4	-T
MN908947.3	6961	G	*/-T	523	65	10.12%	2	2	25	23	4.167531683760133E-21	1	1	252	271	54	11	-T
MN908947.3	7063	C	*/-AG	1538	159	9.26%	2	2	25	24	2.376289034880031E-48	1	1	677	861	158	1	-AG
MN908947.3	7203	C	*/+T	967	54	5.1%	2	2	25	26	7.765953556525175E-16	1	1	551	416	14	40	+T
MN908947.3	7224	C	*/-T	848	61	6.27%	2	2	25	20	1.5306329267683594E-19	1	1	336	512	56	5	-T
MN908947.3	7246	G	*/-T	957	63	5.87%	2	2	24	22	1.3527545750195498E-18	1	1	450	507	36	27	-T
MN908947.3	7472	G	R	426	65	13.24%	2	1	22	19	2.8033637509401243E-21	1	1	107	319	65	0	A
MN908947.3	7564	C	*/+T	571	49	7.68%	2	2	24	25	6.618613574508354E-16	1	1	300	271	6	43	+T
MN908947.3	7594	C	*/-T	372	63	12.43%	2	2	20	20	9.631309494859905E-21	1	1	228	144	48	15	-T
MN908947.3	7696	T	*/-A	730	70	8.47%	2	2	28	23	1.7473688585119802E-22	1	1	269	461	65	5	-A
MN908947.3	7813	T	*/-TC	640	115	15.11%	2	2	23	22	2.184086399661668E-37	1	1	317	323	38	77	-TC
MN908947.3	8317	A	*/-C	1603	90	5.24%	2	2	24	25	1.1318970742086474E-26	1	1	842	761	87	3	-C
MN908947.3	8376	C	*/-A	787	109	11.27%	2	2	25	24	4.6586420377375E-35	1	1	419	368	46	63	-A
MN908947.3	8393	G	R	581	385	39.86%	2	2	26	25	1.3786326591493654E-137	1	1	295	286	195	190	A
MN908947.3	8606	C	*/-T	738	75	8.74%	2	2	24	22	4.422584488855322E-24	1	1	386	352	56	19	-T
MN908947.3	8742	G	*/-T	915	56	5.69%	2	1	26	21	6.133989178886832E-18	1	1	386	529	56	0	-T
MN908947.3	8905	C	*/-T	881	100	9.63%	2	2	27	23	5.523553432321107E-32	1	1	421	460	59	41	-T
MN908947.3	9026	A	*/-T	547	57	9.18%	2	2	26	25	1.734237388120492E-18	1	1	236	311	52	5	-T
MN908947.3	9259	A	R	319	289	47.53%	2	2	25	37	1.5449684351328075E-107	1	1	148	171	141	148	G
MN908947.3	9344	C	Y	239	305	55.76%	2	2	24	26	6.295346470009528E-119	1	1	122	117	136	169	T
MN908947.3	9424	A	R	261	283	51.83%	2	2	24	23	6.762025586390956E-108	1	1	126	135	120	163	G
MN908947.3	9534	C	Y	538	669	55.43%	2	2	23	24	1.7231150415701925E-256	1	1	281	257	318	351	T
MN908947.3	9627	C	*/-TT	405	73	13.22%	2	2	22	26	5.389317211222436E-24	1	1	228	177	22	51	-TT
MN908947.3	9811	C	*/-T	690	212	21.33%	2	2	24	19	1.159037849119398E-70	1	1	129	561	176	36	-T
MN908947.3	9866	C	Y	289	393	57.21%	2	2	21	22	1.807683336245067E-154	1	1	171	118	206	187	T
MN908947.3	10029	C	T	3	766	99.48%	2	2	19	27	0.0	1	1	2	1	399	367	T
MN908947.3	10059	G	*/-T	690	92	11.41%	2	2	26	24	1.1744627299436877E-29	1	1	307	383	91	1	-T
MN908947.3	10065	G	*/-A	652	89	11.41%	2	2	24	26	9.70641220054521E-29	1	1	331	321	17	72	-A
MN908947.3	10198	C	Y	292	303	50.84%	2	2	22	23	8.787622206978476E-115	1	1	141	151	181	122	T
MN908947.3	10206	A	*/-C	479	95	16.38%	2	1	22	22	3.6226338796308894E-31	1	1	199	280	95	0	-C
MN908947.3	10386	C	*/-T	1152	175	12.06%	2	2	26	24	4.237099139752445E-54	1	1	561	591	104	71	-T
MN908947.3	10447	G	R	227	428	65.34%	2	2	21	24	1.7465952816201946E-176	1	1	106	121	194	234	A
MN908947.3	10449	C	A	0	647	100%	0	2	0	24	0.0	0	1	0	0	294	353	A
MN908947.3	10527	C	*/-T	530	43	6.69%	2	2	24	24	5.0146063379535195E-14	1	1	312	218	24	19	-T
MN908947.3	11049	T	*/-C	826	56	6.34%	2	1	24	23	5.633638934633203E-18	1	1	383	443	56	0	-C
MN908947.3	11074	C	*/-T	434	157	17.78%	2	2	25	23	3.4028903078526183E-53	1	1	232	202	47	110	-T
MN908947.3	11095	C	*/-T	675	104	12.29%	2	2	24	24	1.2367942986957278E-33	1	1	382	293	29	75	-T
MN908947.3	11282	A	*/-GTTTGTCTG	529	310	36.82%	2	2	25	25	2.233020342690012E-109	1	1	282	247	156	154	-GTTTGTCTG
MN908947.3	11287	G	-TCTGGTTTT/-TCTGGTTTT	0	400	99.5%	0	2	0	14	5.317948384747958E-240	0	1	0	0	204	196	-TCTGGTTTT
MN908947.3	11291	G	A	0	1	100%	0	1	0	16	0.5	0	1	0	0	0	1	A
MN908947.3	11293	T	*/-TTTAAGC	6	1	14.29%	2	1	19	13	0.49999999999999906	1	1	2	4	0	1	-TTTAAGC
MN908947.3	11521	G	*/+T	992	56	5.06%	2	2	26	25	1.9420894573740558E-16	1	1	488	504	26	30	+T
MN908947.3	11537	A	R	571	394	40.83%	2	2	23	23	1.841967568486065E-141	1	1	271	300	189	205	G
MN908947.3	11562	G	*/-C	924	57	5.78%	2	2	22	24	3.002496881564481E-18	1	1	493	431	56	1	-C
MN908947.3	11751	T	*/-C	675	39	5.36%	2	1	21	20	1.067081704510033E-12	1	1	361	314	39	0	-C
MN908947.3	11990	G	*/-A	462	101	15.98%	2	2	27	22	2.8436946551867472E-33	1	1	237	225	39	62	-A
MN908947.3	12014	G	*/-T	524	30	5.23%	2	2	27	22	6.221725844798806E-10	1	1	207	317	29	1	-T
MN908947.3	12113	T	*/-C	450	26	5.42%	2	2	21	21	1.049199354123025E-8	1	1	247	203	16	10	-C
MN908947.3	12196	T	*/-A	1030	177	13.7%	2	2	26	27	4.740391723386104E-55	1	1	494	536	136	41	-A
MN908947.3	12436	T	*/-C	538	32	5.55%	2	2	24	24	1.488292526237391E-10	1	1	321	217	26	6	-C
MN908947.3	12558	T	*/-C	592	36	5.7%	2	2	25	19	8.683876376799107E-12	1	1	287	305	35	1	-C
MN908947.3	12852	T	*/-C	560	33	5.44%	2	2	24	22	7.365310905569322E-11	1	1	278	282	29	4	-C
MN908947.3	12880	C	Y	275	410	59.51%	2	2	26	31	2.6646745021731436E-163	1	1	125	150	193	217	T
MN908947.3	12931	T	*/-C	599	38	5.93%	2	1	24	19	2.0601956277500104E-12	1	1	234	365	38	0	-C
MN908947.3	13105	C	*/-A	893	53	5.4%	2	1	26	24	5.248423447584763E-17	1	1	385	508	53	0	-A
MN908947.3	13123	T	*/-G	880	138	13.35%	2	2	24	22	1.474648987331986E-42	1	1	471	409	16	122	-G
MN908947.3	13162	T	*/-AC	945	82	7.76%	2	2	26	25	1.677498136679127E-24	1	1	470	475	59	23	-AC
MN908947.3	13195	T	Y	604	447	42.25%	2	2	26	26	2.617307193100858E-159	1	1	303	301	230	217	C
MN908947.3	13279	T	*/-C	946	71	6.92%	2	1	25	25	4.5125113954423155E-21	1	1	476	470	71	0	-C
MN908947.3	13299	T	*/+A	906	71	6.76%	2	2	27	21	1.1317462764298775E-22	1	1	436	470	48	23	+A
MN908947.3	13489	G	*/-C	555	38	6.23%	2	2	19	18	1.972332475184251E-12	1	1	209	346	37	1	-C
MN908947.3	13583	T	*/-C	844	88	9.4%	2	2	25	25	3.742523286051408E-28	1	1	461	383	82	6	-C
MN908947.3	13586	T	*/-A	641	155	18.3%	2	2	21	23	5.340718657103998E-51	1	1	357	284	11	144	-A
MN908947.3	14000	T	*/-A	810	56	6.36%	2	2	30	22	5.537490538918221E-18	1	1	357	453	28	28	-A
MN908947.3	14293	C	Y	900	74	7.56%	2	2	20	24	1.2526719957112417E-23	1	1	465	435	24	50	T
MN908947.3	14408	C	T	0	931	99.79%	0	2	0	25	0.0	0	1	0	0	452	479	T
MN908947.3	14432	G	*/-A	809	120	12.3%	2	2	24	29	1.2341015490197253E-38	1	1	398	411	7	113	-A
MN908947.3	15157	C	*/-A	905	50	5.06%	2	2	30	26	4.597440149840258E-16	1	1	440	465	18	32	-A
MN908947.3	15240	C	Y	425	301	41.35%	2	2	26	27	1.454324450572923E-108	1	1	197	228	138	163	T
MN908947.3	15266	T	*/-A	653	61	8.44%	2	1	27	24	1.1371142184265338E-19	1	1	285	368	61	0	-A
MN908947.3	15272	A	*/-C	515	34	6.14%	2	2	24	16	3.436099669972779E-11	1	1	331	184	6	28	-C
MN908947.3	15714	C	Y	230	376	61.94%	2	2	23	24	7.411748719365369E-152	1	1	145	85	210	166	T
MN908947.3	16255	C	*/-T	857	59	6.11%	2	2	24	23	6.609441947499066E-19	1	1	472	385	47	12	-T
MN908947.3	16630	C	*/-T	546	107	14.88%	2	2	29	23	5.417835231612177E-35	1	1	213	333	46	61	-T
MN908947.3	16837	G	*/-A	590	74	10.39%	2	2	24	25	6.140270305211908E-24	1	1	335	255	35	39	-A
MN908947.3	16870	C	*/-G	502	29	5.16%	2	1	20	22	1.257477888848872E-9	1	1	255	247	29	0	-G
MN908947.3	17044	C	*/-A	563	71	10.3%	2	2	27	24	5.310312881246537E-23	1	1	323	240	44	27	-A
MN908947.3	17075	T	*/-C	593	40	6.29%	2	1	23	23	4.814600911200719E-13	1	1	303	290	40	0	-C
MN908947.3	17410	C	Y	620	876	58.28%	2	2	22	26	0.0	1	1	303	317	442	434	T
MN908947.3	17736	T	*/-AC	1257	79	5.87%	2	1	22	22	2.1027835706612465E-23	1	1	579	678	79	0	-AC
MN908947.3	17822	C	Y	539	329	37.82%	2	2	23	24	1.439043168407265E-116	1	1	284	255	141	188	T
MN908947.3	17874	C	*/-A	793	57	6.69%	2	1	25	25	2.627027163230719E-18	1	1	395	398	57	0	-A
MN908947.3	18163	A	G	8	585	97.99%	1	2	18	19	0.0	1	1	8	0	214	371	G
MN908947.3	18314	A	*/-GG	1078	85	6.67%	2	2	22	18	2.370745619611846E-25	1	1	390	688	84	1	-GG
MN908947.3	18434	A	*/-T	624	72	10.1%	2	2	28	25	3.053483572687784E-23	1	1	257	367	57	15	-T
MN908947.3	18501	C	*/-A	649	43	6.04%	2	1	27	26	5.798637083165691E-14	1	1	298	351	43	0	-A
MN908947.3	19368	A	*/-T	561	43	6.68%	2	2	27	22	5.237876328749733E-14	1	1	224	337	33	10	-T
MN908947.3	19884	C	*/-A	1679	129	6.92%	2	2	26	24	9.344768212201519E-39	1	1	864	815	121	8	-A
MN908947.3	19955	C	Y	430	585	57.58%	2	2	23	25	4.91057268176139E-227	1	1	228	202	317	268	T
MN908947.3	19983	C	*/-T	892	65	6.3%	2	2	31	24	8.80098774060584E-21	1	1	467	425	27	38	-T
MN908947.3	20055	A	R	401	544	57.57%	2	2	25	22	1.645877364592902E-213	1	1	222	179	285	259	G
MN908947.3	20207	A	*/-G	1326	181	11.99%	2	2	22	21	1.0072126856585214E-55	1	1	558	768	180	1	-G
MN908947.3	20486	A	*/-GT	633	56	8%	2	2	25	22	4.329648978227299E-18	1	1	336	297	27	29	-GT
MN908947.3	21095	A	*/-AG	567	34	5.65%	2	1	22	21	3.601186955865482E-11	1	1	229	338	34	0	-AG
MN908947.3	21101	G	*/-T	352	68	14.59%	2	2	22	19	1.768680791584051E-22	1	1	82	270	36	32	-T
MN908947.3	21133	C	*/+A	1274	83	5.77%	2	2	25	23	1.2426912327724994E-24	1	1	567	707	52	31	+A
MN908947.3	21147	T	*/-G	632	37	5.5%	2	2	25	17	4.361391577396815E-12	1	1	473	159	4	33	-G
MN908947.3	21270	A	*/-T	809	60	6.64%	2	2	27	24	3.0208919223730083E-19	1	1	374	435	47	13	-T
MN908947.3	21443	T	*/-A	663	86	10.84%	2	2	26	25	9.703943492758344E-28	1	1	312	351	85	1	-A
MN908947.3	21569	G	*/-T	660	80	10.03%	2	2	26	25	8.652843118278823E-26	1	1	278	382	74	6	-T
MN908947.3	21595	C	Y	494	283	36.42%	2	2	23	25	1.1609403898240892E-99	1	1	282	212	145	138	T
MN908947.3	21618	C	Y	299	488	61.69%	2	2	24	25	7.272386837699604E-197	1	1	152	147	267	221	T
MN908947.3	21632	T	*/-TACCCCCTG	282	475	62.01%	2	2	22	17	1.5520645172883594E-192	1	1	147	135	249	226	-TACCCCCTG
MN908947.3	21634	A	*/-C	241	38	13.33%	2	2	22	21	9.41420334457314E-13	1	1	130	111	22	16	-C
MN908947.3	21762	C	Y	529	207	27.79%	2	2	24	14	2.1728337913252603E-70	1	1	265	264	90	117	T
MN908947.3	21764	A	*/-TACATG	554	84	13.12%	2	2	24	13	2.772559890089878E-27	1	1	264	290	37	47	-TACATG
MN908947.3	21846	C	Y	500	498	49.9%	2	2	22	23	3.398353214741959E-187	1	1	250	250	258	240	T
MN908947.3	21875	A	*/-T	845	186	17.32%	2	2	23	23	1.0808774077060475E-58	1	1	457	388	69	117	-T
MN908947.3	21908	T	*/-C	906	67	6.87%	2	2	21	22	2.089246947665356E-21	1	1	442	464	64	3	-C
MN908947.3	21986	G	*/-GTGTTTATT	897	748	45.25%	2	2	25	15	1.2057902279474764E-271	1	1	440	457	449	299	-GTGTTTATT
MN908947.3	21987	G	A	63	814	91.15%	2	2	25	26	0.0	1	1	25	38	406	408	A
MN908947.3	22000	C	*/-A	1716	95	5.01%	2	2	24	22	3.543382006768227E-28	1	1	911	805	22	73	-A
MN908947.3	22009	C	*/-A	1580	170	8.97%	2	2	26	24	8.06833554846056E-52	1	1	780	800	153	17	-A
MN908947.3	22062	C	*/-T	725	43	5.32%	2	2	24	21	6.210000452667831E-14	1	1	375	350	32	11	-T
MN908947.3	22120	C	*/-A	641	154	18.42%	2	2	25	26	1.1826142496120303E-50	1	1	386	255	34	120	-A
MN908947.3	22193	A	*/-ATT	566	186	24.7%	2	2	26	17	2.1013729431277397E-62	1	1	268	298	86	100	-ATT
MN908947.3	22199	G	*/-T	540	45	7.69%	2	1	21	19	1.1790747236791699E-14	1	1	302	238	0	45	-T
MN908947.3	22200	T	G	144	449	75.72%	2	2	21	21	1.906327276605453E-199	1	1	73	71	235	214	G
MN908947.3	22204	T	*/+GAGCCAGAA	579	117	16.62%	2	2	21	21	2.922167735693827E-38	1	1	296	283	51	66	+GAGCCAGAA
MN908947.3	22209	T	*/-C	669	62	8.33%	2	2	23	20	5.617633668688455E-20	1	1	496	173	39	23	-C
MN908947.3	22218	G	*/-T	735	135	15.1%	2	2	25	20	8.153995521121338E-44	1	1	301	434	123	12	-T
MN908947.3	22312	T	*/-C	1820	129	6.57%	2	2	24	23	1.1127235233212163E-38	1	1	1024	796	116	13	-C
MN908947.3	22487	G	*/-A	912	91	8.72%	2	2	28	24	2.3156409349864863E-27	1	1	399	513	45	46	-A
MN908947.3	22578	G	A	0	1701	99.88%	0	2	0	27	0.0	0	1	0	0	867	834	A
MN908947.3	22583	G	*/-T	1457	115	7.1%	2	2	24	22	1.6776488090156324E-34	1	1	724	733	67	48	-T
MN908947.3	22599	G	R	941	731	43.67%	2	2	26	27	4.833655293142771E-263	1	1	425	516	322	409	A
MN908947.3	22673	T	Y	335	233	40.66%	2	2	25	24	5.258583753227399E-84	1	1	176	159	109	124	C
MN908947.3	22674	C	T	2	578	99.48%	1	2	13	25	0.0	1	1	0	2	287	291	T
MN908947.3	22679	T	C	0	609	100%	0	2	0	22	0.0	0	1	0	0	262	347	C
MN908947.3	22685	T	*/-C	599	33	5.21%	2	2	27	27	7.582052437846249E-11	1	1	272	327	27	6	-C
MN908947.3	22686	C	T	6	591	98.99%	2	2	19	26	0.0	1	1	1	5	267	324	T
MN908947.3	22688	A	R	272	352	56.05%	2	2	25	22	1.9629403388018148E-137	1	1	125	147	166	186	G
MN908947.3	22775	G	R	233	278	54.4%	2	2	24	24	2.005031261502336E-107	1	1	80	153	117	161	A
MN908947.3	22786	A	M	264	288	52.17%	2	2	25	23	6.961693423719611E-110	1	1	113	151	124	164	C
MN908947.3	22813	G	T	3	653	99.54%	2	2	23	28	0.0	1	1	2	1	307	346	T
MN908947.3	22882	T	G	1	627	99.68%	1	2	31	23	0.0	1	1	1	0	307	320	G
MN908947.3	22898	G	R	366	246	40.07%	2	2	23	23	2.676820559334769E-88	1	1	154	212	122	124	A
MN908947.3	22954	T	*/-GA	509	68	11.37%	2	2	27	27	4.1573293936221626E-22	1	1	272	237	52	16	-GA
MN908947.3	22992	G	A	0	637	100%	0	2	0	24	0.0	0	1	0	0	300	337	A
MN908947.3	22995	C	A	1	637	99.84%	1	2	19	25	0.0	1	1	1	0	296	341	A
MN908947.3	23013	A	C	3	697	99.15%	1	2	23	25	0.0	1	1	3	0	335	362	C
MN908947.3	23040	A	G	0	705	99.86%	0	2	0	23	0.0	0	1	0	0	335	370	G
MN908947.3	23048	G	R	434	242	35.75%	2	2	25	25	4.516695997897213E-85	1	1	205	229	124	118	A
MN908947.3	23055	A	G	1	611	99.84%	1	2	15	20	0.0	1	1	0	1	319	292	G
MN908947.3	23063	A	T	1	676	99.71%	1	2	20	24	0.0	1	1	1	0	346	330	T
MN908947.3	23075	T	C	1	713	99.86%	1	2	15	25	0.0	1	1	0	1	350	363	C
MN908947.3	23103	C	*/+T	540	37	5.94%	2	2	24	22	4.008817896923828E-12	1	1	288	252	15	22	+T
MN908947.3	23143	T	*/-A	545	92	13.47%	2	2	23	24	5.838735096471554E-30	1	1	286	259	23	69	-A
MN908947.3	23164	T	*/-A	1404	101	6.58%	2	2	26	27	3.7013944148559044E-30	1	1	747	657	5	96	-A
MN908947.3	23202	C	M	451	322	41.49%	2	2	26	26	3.326389397060033E-116	1	1	218	233	163	159	A
MN908947.3	23230	C	*/-A	574	177	22.12%	2	2	25	24	3.972753796219162E-59	1	1	311	263	60	117	-A
MN908947.3	23403	A	G	2	697	99.29%	2	2	23	23	0.0	1	1	1	1	325	372	G
MN908947.3	23486	G	*/-T	1499	139	8.2%	2	2	26	24	4.960947843318811E-42	1	1	721	778	106	33	-T
MN908947.3	23525	C	T	1	852	99.88%	1	2	15	26	0.0	1	1	0	1	405	447	T
MN908947.3	23561	G	R	630	56	7.98%	2	1	23	17	4.306711829751561E-18	1	1	208	422	56	0	A
MN908947.3	23599	T	G	0	822	99.76%	0	2	0	24	0.0	0	1	0	0	375	447	G
MN908947.3	23604	C	A	1	833	99.76%	1	2	13	23	0.0	1	1	1	0	409	424	A
MN908947.3	23854	C	A	0	1037	99.9%	0	2	0	26	0.0	0	1	0	0	516	521	A
MN908947.3	23874	C	Y	751	65	7.95%	2	1	22	17	7.187848626347933E-21	1	1	500	251	0	65	T
MN908947.3	23948	G	T	0	1100	99.82%	0	2	0	31	0.0	0	1	0	0	532	568	T
MN908947.3	23958	G	*/-T	1027	62	5.63%	2	1	27	25	2.9199019239419873E-18	1	1	451	576	62	0	-T
MN908947.3	23964	A	*/-T	937	74	6.94%	2	2	26	22	5.21408637016833E-22	1	1	430	507	43	31	-T
MN908947.3	24119	C	*/-A	1483	121	7.3%	2	2	26	23	2.2867049163460567E-36	1	1	727	756	102	19	-A
MN908947.3	24130	C	M	965	716	42.52%	2	2	22	24	3.8818161848576926E-256	1	1	493	472	343	373	A
MN908947.3	24289	T	*/-G	531	35	6.15%	2	2	23	18	1.6922420084380458E-11	1	1	333	198	11	24	-G
MN908947.3	24320	C	*/-A	552	49	7.46%	2	2	25	23	6.406694178502639E-16	1	1	292	260	27	22	-A
MN908947.3	24424	A	T	2	1324	99.47%	1	2	18	25	0.0	1	1	2	0	694	630	T
MN908947.3	24464	T	*/-C	603	42	6.5%	2	1	23	20	1.1407319885781937E-13	1	1	256	347	42	0	-C
MN908947.3	24469	T	A	2	603	99.67%	1	2	18	24	0.0	1	1	2	0	280	323	A
MN908947.3	24503	C	Y	401	339	45.75%	2	2	24	25	6.647865664558743E-125	1	1	213	188	201	138	T
MN908947.3	24672	C	*/-A	560	175	21.9%	2	2	27	27	1.5859187599080485E-58	1	1	317	243	72	103	-A
MN908947.3	24684	A	*/-T	652	94	12.16%	2	2	26	24	2.211993339490635E-30	1	1	310	342	83	11	-T
MN908947.3	24717	T	*/-C	405	35	7.88%	2	2	23	20	1.4395980926012305E-11	1	1	371	34	25	10	-C
MN908947.3	24885	A	*/-T	603	58	8.41%	2	2	23	22	9.38294418220392E-19	1	1	271	332	27	31	-T
MN908947.3	24981	C	*/-T	524	40	6.91%	2	2	22	19	4.441443139511569E-13	1	1	280	244	30	10	-T
MN908947.3	25000	C	T	1	758	99.87%	1	2	15	27	0.0	1	1	0	1	376	382	T
MN908947.3	25100	C	*/-A	626	68	9.14%	2	2	29	26	6.031573221534105E-22	1	1	329	297	46	22	-A
MN908947.3	25366	C	*/-A	454	44	8.53%	2	2	22	20	2.1047449461419367E-14	1	1	262	192	9	35	-A
MN908947.3	25416	C	Y	216	349	60.49%	2	2	26	26	9.455261626234419E-141	1	1	102	114	148	201	T
MN908947.3	25514	T	*/-C	443	37	7.6%	2	2	22	24	3.5367857803573914E-12	1	1	252	191	34	3	-C
MN908947.3	25555	G	*/-T	472	62	11.03%	2	1	28	22	3.308908864148158E-20	1	1	129	343	62	0	-T
MN908947.3	25584	C	T	3	589	99.49%	2	2	17	25	0.0	1	1	1	2	314	275	T
MN908947.3	25587	C	*/-A	462	104	16.02%	2	2	25	26	2.6756138222839665E-34	1	1	264	198	21	83	-A
MN908947.3	25612	T	*/-C	587	38	6.07%	2	1	25	23	2.0371302722387124E-12	1	1	291	296	38	0	-C
MN908947.3	25667	C	Y	461	402	46.42%	2	2	24	25	1.3709599994973761E-148	1	1	214	247	193	209	T
MN908947.3	25672	C	*/-T	714	44	5.48%	2	2	23	18	2.989712249604149E-14	1	1	357	357	29	15	-T
MN908947.3	25699	G	*/-C	576	39	6.08%	2	2	20	19	9.765471701908405E-13	1	1	224	352	33	6	-C
MN908947.3	25797	C	*/-A	543	136	18.66%	2	2	20	21	6.194490760476484E-45	1	1	253	290	30	106	-A
MN908947.3	25963	G	*/-A	1688	129	6.8%	2	2	25	24	9.457423337704323E-39	1	1	900	788	15	114	-A
MN908947.3	26060	C	Y	419	441	51.16%	2	2	24	25	4.278252171392033E-167	1	1	200	219	234	207	T
MN908947.3	26270	C	T	3	1412	99.72%	2	2	17	22	0.0	1	1	2	1	628	784	T
MN908947.3	26299	C	*/-T	485	131	19.49%	2	2	24	21	1.5845904456341951E-43	1	1	292	193	56	75	-T
MN908947.3	26408	C	*/-T	552	133	17.97%	2	2	24	26	7.52492934097355E-44	1	1	342	210	32	101	-T
MN908947.3	26430	T	*/-A	680	71	8.98%	2	2	29	27	7.458570842939875E-23	1	1	360	320	20	51	-A
MN908947.3	26438	T	*/-G	641	57	8.11%	2	1	25	22	2.107072739868676E-18	1	1	294	347	57	0	-G
MN908947.3	26493	G	*/-T	664	52	6.95%	2	2	28	26	8.495604174626935E-17	1	1	297	367	50	2	-T
MN908947.3	26530	A	R	343	285	45.38%	2	2	24	23	7.03179781897259E-105	1	1	156	187	95	190	G
MN908947.3	26561	T	*/-A	728	249	23.76%	2	2	22	23	1.4226586004234603E-83	1	1	380	348	76	173	-A
MN908947.3	26577	C	G	0	511	99.8%	0	2	0	26	8.917354958391807E-307	0	1	0	0	267	244	G
MN908947.3	26654	G	*/-T	443	29	5.6%	2	2	24	20	1.195366205525874E-9	1	1	226	217	18	11	-T
MN908947.3	26709	G	A	0	432	100%	0	2	0	23	2.995892460039443E-259	0	1	0	0	201	231	A
MN908947.3	26745	T	*/-G	358	38	9.6%	2	1	26	18	1.4323291115123957E-12	1	1	270	88	0	38	-G
MN908947.3	26811	A	*/+T	478	29	5.7%	2	1	26	23	1.2336369343962975E-9	1	1	245	233	29	0	+T
MN908947.3	26858	C	Y	277	236	46%	2	2	28	27	3.0798625138615986E-87	1	1	147	130	120	116	T
MN908947.3	26861	T	Y	1006	511	33.2%	2	2	27	25	1.2065822194245741E-174	1	1	645	361	262	249	C
MN908947.3	27259	A	C	0	559	99.47%	0	2	0	21	0.0	0	1	0	0	303	256	C
MN908947.3	27382	G	S	322	257	44.23%	2	2	26	22	3.687237370962815E-94	1	1	152	170	123	134	C
MN908947.3	27383	A	W	338	287	45.85%	2	2	29	26	6.646050589544783E-106	1	1	166	172	144	143	T
MN908947.3	27384	T	Y	342	289	45.8%	2	2	28	26	1.4288068350921844E-106	1	1	169	173	145	144	C
MN908947.3	27485	T	*/-A	1193	86	6.29%	2	2	29	27	1.3404932627574754E-25	1	1	553	640	83	3	-A
MN908947.3	27594	T	*/-C	753	47	5.86%	2	2	25	25	3.5427631131692324E-15	1	1	384	369	46	1	-C
MN908947.3	27687	T	*/-C	639	96	13.04%	2	2	23	20	4.562016041671397E-31	1	1	288	351	93	3	-C
MN908947.3	27691	A	*/-T	546	35	5.77%	2	2	24	19	1.716841489217194E-11	1	1	161	385	17	18	-T
MN908947.3	27741	C	*/-A	617	77	10.35%	2	2	26	23	7.099289873160237E-25	1	1	243	374	74	3	-A
MN908947.3	27791	C	*/-T	665	94	11.63%	2	2	27	24	2.3421425448528207E-30	1	1	336	329	41	53	-T
MN908947.3	27807	C	T	2	812	99.75%	1	2	17	28	0.0	1	1	0	2	410	402	T
MN908947.3	28214	C	*/-T	711	127	13.85%	2	2	28	25	3.34325584097885E-41	1	1	295	416	79	48	-T
MN908947.3	28271	A	T	1	858	99.88%	1	2	17	27	0.0	1	1	0	1	400	458	T
MN908947.3	28311	C	T	9	721	98.77%	1	2	17	23	0.0	1	1	9	0	354	367	T
MN908947.3	28361	G	-GAGAACGCA/-GAGAACGCA	34	836	96.09%	2	2	22	19	0.0	1	1	28	6	404	432	-GAGAACGCA
MN908947.3	28470	T	*/-C	255	29	10.07%	2	2	24	20	8.773048792748956E-10	1	1	174	81	13	16	-C
MN908947.3	28636	T	*/-C	304	19	5.79%	2	2	23	21	1.4523237766369888E-6	1	1	193	111	13	6	-C
MN908947.3	28680	A	*/-G	265	51	15.64%	2	2	22	19	4.943494725367828E-17	1	1	93	172	49	2	-G
MN908947.3	28698	C	*/-A	323	25	6.87%	2	2	26	21	1.9062564843914228E-8	1	1	151	172	17	8	-A
MN908947.3	28776	C	*/-A	621	61	8.48%	2	2	27	26	1.0647307622734653E-19	1	1	274	347	60	1	-A
MN908947.3	28881	G	A	0	712	100%	0	2	0	25	0.0	0	1	0	0	332	380	A
MN908947.3	28882	G	A	0	711	99.86%	0	2	0	26	0.0	0	1	0	0	333	378	A
MN908947.3	28883	G	C	0	709	99.86%	0	2	0	24	0.0	0	1	0	0	333	376	C
MN908947.3	29051	C	*/-A	267	21	6.65%	2	2	22	20	3.2670307971672215E-7	1	1	129	138	7	14	-A
MN908947.3	29131	T	*/+G	329	29	7.77%	2	2	25	21	1.031777718547925E-9	1	1	199	130	3	26	+G
MN908947.3	29191	A	*/-T	358	20	5.26%	2	2	25	22	7.367991251368794E-7	1	1	146	212	19	1	-T
MN908947.3	29195	G	*/-C	232	23	8.49%	2	2	20	20	7.093206266327472E-8	1	1	71	161	14	9	-C
MN908947.3	29377	T	*/-A	566	92	13.45%	2	2	25	23	6.594831092839475E-30	1	1	272	294	49	43	-A
MN908947.3	29386	C	*/-A	530	124	17.32%	2	2	24	24	7.432516369918671E-41	1	1	244	286	73	51	-A
MN908947.3	29422	G	K	369	266	41.69%	2	2	23	23	3.2012060888720472E-96	1	1	149	220	131	135	T
MN908947.3	29510	A	M	372	290	43.67%	2	2	24	20	7.447302947417328E-106	1	1	177	195	151	139	C
MN908947.3	29573	G	*/-T	1401	84	5.42%	2	2	23	22	6.832136147874697E-25	1	1	610	791	83	1	-T
MN908947.3	29700	A	*/-G	661	41	5.78%	2	2	22	19	2.492010875178402E-13	1	1	349	312	32	9	-G
MN908947.3	29711	G	K	380	318	43.62%	2	2	24	23	4.700730861896577E-117	1	1	206	174	186	132	T
MN908947.3	29776	A	*/-G	578	92	13.45%	2	2	22	23	7.044037750477993E-30	1	1	298	280	77	15	-G
MN908947.3	29800	G	*/-C	721	85	10.51%	2	1	22	23	2.4941344535403206E-27	1	1	318	403	85	0	-C
